Y0    0.0603    3.1055   0   0   0
Y2   -0.1420    3.0548   0   0   0
Y4   -0.5817    3.7657   0   0   0
Y5   -0.8728    3.6775   0   0   0
Y9    2.1736    0.7070   0   0   0
Y13   -1.1117    4.7028   0   0   0
Y14   -0.7914    3.7585   0   0   0
Y15    0.8853    2.0929   0   0   0
Y17   -1.1925    4.5461   0   0   0
Y18   -0.9601    4.0134   0   0   0
Y28    0.1508    2.9406   0   0   0
Y29   -0.5657    3.7241   0   0   0
Y34   -0.9453    4.2370   0   0   0
Y36   -0.6458    3.7237   0   0   0
Y38   -0.7381    4.0065   0   0   0
Y40   -1.1359    4.1688   0   0   0
Y42   -1.2503    4.5117   0   0   0
Y43   -1.2244    4.2248   0   0   0
Y44   -1.1734    3.9434   0   0   0
Y45   -0.9207    3.6557   0   0   0
Y46   -1.1927    4.2566   0   0   0
Y48   -0.5247    2.8130   0   0   0
Y49   -0.5434    3.1442   0   0   0
Y56   -0.6607    2.4311   0   0   0
Y58    0.0027    1.9536   0   0   0
Y59    0.3580    1.8939   0   0   0
Y62   -0.4959    2.5473   0   0   0
Y63   -0.8640    2.9240   0   0   0
Y64   -1.0567    4.3825   0   0   0
Y65   -1.2978    4.6109   0   0   0
Y66   -0.9577    3.9374   0   0   0
Y67   -1.0655    4.1412   0   0   0
Y68   -1.4238    4.6961   0   0   0
Y69   -1.1378    4.5349   0   0   0
Y74   -0.7694    2.6909   0   0   0
Y76   -0.5793    2.3273   0   0   0
Y78   -1.3420    2.7953   0   0   0
Y79   -1.0657    2.3234   0   0   0
Y80   -0.3567    2.3864   0   0   0
Y84   -0.7938    1.9332   0   0   0
Y111   -0.9952    3.9353   0   0   0
Y114   -1.2132    4.3032   0   0   0
Y115   -0.9326    4.1922   0   0   0
Y116   -1.2849    4.5692   0   0   0
Y118   -1.3635    5.2332   0   0   0
Y120   -1.0892    5.1747   0   0   0
Y121   -1.0485    4.8655   0   0   0
Y122   -0.3006    3.2134   0   0   0
Y123   -0.6267    3.9711   0   0   0
Y125   -0.6521    4.3988   0   0   0
Y132    1.7796    1.8837   0   0   0
Y135   -0.9995    4.3588   0   0   0
Y136   -0.5068    3.3687   0   0   0
Y137   -0.2875    3.4634   0   0   0
Y138   -0.1870    3.5039   0   0   0
Y139   -0.1332    3.3887   0   0   0
Y140   -0.3004    3.1063   0   0   0
Y141   -0.6276    3.4448   0   0   0
Y142   -0.8993    4.4560   0   0   0
Y144   -0.6585    3.7332   0   0   0
Y145   -0.5017    3.2664   0   0   0
Y146   -0.4020    3.5572   0   0   0
Y147   -0.2682    3.3785   0   0   0
Y148   -0.4545    3.5481   0   0   0
Y153   -0.2755    3.4071   0   0   0
Y155   -0.2209    3.2266   0   0   0
Y157    0.4932    2.8466   0   0   0
Y158    0.4418    2.9152   0   0   0
Y159    0.8810    2.1395   0   0   0
Y160    0.6778    2.4169   0   0   0
Y161    1.6296    1.4294   0   0   0
Y162   -0.2051    3.5124   0   0   0
Y163   -0.3054    3.2986   0   0   0
Y165    0.7368    2.2158   0   0   0
Y166    1.1372    1.8012   0   0   0
Y167    0.4973    2.5904   0   0   0
Y168    0.3495    2.9316   0   0   0
Y169    0.2487    3.0478   0   0   0
Y170    0.3927    2.9091   0   0   0
Y171   -0.0761    3.3470   0   0   0
Y172    0.3513    2.6458   0   0   0
Y173    0.3461    2.5642   0   0   0
Y174   -1.2627    4.3228   0   0   0
Y175   -1.0422    4.0320   0   0   0
Y177   -0.8564    4.2649   0   0   0
Y180   -0.7626    4.5502   0   0   0
Y186   -0.7001    3.2669   0   0   0
Y187   -1.0901    4.0243   0   0   0
Y188   -0.3362    3.4108   0   0   0
Y190   -0.3893    3.5016   0   0   0
Y191   -0.2166    3.0484   0   0   0
Y192   -0.1419    3.0147   0   0   0
Y194   -0.9016    3.6906   0   0   0
Y195   -0.6887    3.8749   0   0   0
Y197   -1.1849    4.1621   0   0   0
Y199   -0.3635    3.0915   0   0   0
Y200   -0.5783    3.2519   0   0   0
Y201   -1.1204    2.7676   0   0   0
Y205   -1.2036    3.5930   0   0   0
Y206   -1.3762    3.8304   0   0   0
Y209   -1.3182    5.1282   0   0   0
Y210   -0.6886    3.9464   0   0   0
Y211   -1.2033    4.4382   0   0   0
Y214   -1.2249    5.2780   0   0   0
Y215   -0.8989    3.1032   0   0   0
Y216   -1.3400    5.1141   0   0   0
Y218   -1.3700    5.1388   0   0   0
Y220   -0.7230    2.3410   0   0   0
Y221   -0.8770    2.6477   0   0   0
Y223   -1.1799    4.4469   0   0   0
Y224   -1.0067    4.8736   0   0   0
Y225   -0.6990    4.3984   0   0   0
Y226   -0.4972    4.0224   0   0   0
Y227   -0.3229    2.8817   0   0   0
Y228   -0.0145    2.3352   0   0   0
Y229   -1.1798    2.5439   0   0   0
Y230   -1.3079    2.9483   0   0   0
Y232   -0.5785    2.6076   0   0   0
Y234   -0.2936    3.2153   0   0   0
Y235   -0.3945    3.8032   0   0   0
Y236   -0.5885    4.7290   0   0   0
Y239   -0.5304    3.4644   0   0   0
Y240   -0.4064    2.5220   0   0   0
Y242    0.0493    3.1433   0   0   0
Y243   -0.4642    3.8045   0   0   0
Y245    0.0532    3.0688   0   0   0
Y246   -0.5001    4.0223   0   0   0
Y248    0.4898    3.0088   0   0   0
Y249   -0.1411    3.1629   0   0   0
Y250    0.7000    2.9016   0   0   0
Y251    0.7008    3.1538   0   0   0
Y252   -0.7853    4.1895   0   0   0
Y253   -1.1166    4.4989   0   0   0
Y254   -1.2859    5.2501   0   0   0
Y256    0.1471    2.7097   0   0   0
Y257   -0.9691    4.2530   0   0   0
Y258   -0.6147    3.9844   0   0   0
Y259   -1.2444    5.1679   0   0   0
Y260   -0.9072    4.5852   0   0   0
Y263   -1.3473    3.2551   0   0   0
Y264   -0.9506    4.0262   0   0   0
Y265   -0.7442    4.1914   0   0   0
Y266   -0.9913    4.3510   0   0   0
Y267   -1.1570    4.4603   0   0   0
Y268   -1.3450    4.8388   0   0   0
Y270    0.0908    3.4598   0   0   0
Y271   -0.0104    3.0506   0   0   0
Y272   -0.4734    3.6042   0   0   0
Y273   -0.2984    3.6240   0   0   0
Y274   -0.2388    3.7012   0   0   0
Y275   -0.4639    3.4718   0   0   0
Y277   -1.2804    3.7176   0   0   0
Y278    1.5865    1.3171   0   0   0
Y279    1.2342    1.9080   0   0   0
Y281    1.5039    1.5921   0   0   0
Y282    1.1452    2.1096   0   0   0
Y284   -0.8363    3.8144   0   0   0
Y285   -0.0614    2.5440   0   0   0
Y289    0.8049    2.1453   0   0   0
Y290    0.8705    2.0305   0   0   0
Y291    2.0751    1.1027   0   0   0
Y292    1.7033    1.7929   0   0   0
Y293   -0.3486    3.2986   0   0   0
Y294    0.1520    3.0425   0   0   0
Y295   -0.0242    3.0964   0   0   0
Y296   -0.1620    3.6922   0   0   0
Y297    0.0873    2.9108   0   0   0
Y302   -0.4308    2.5469   0   0   0
Y303   -0.5144    2.3394   0   0   0
Y304   -0.3298    2.7261   0   0   0
Y305   -0.3761    2.7171   0   0   0
Y306   -0.4890    2.7342   0   0   0
Y307   -0.6670    2.5407   0   0   0
Y308   -1.3470    2.9752   0   0   0
Y312   -0.8865    2.3765   0   0   0
Y313   -1.2625    2.8301   0   0   0
Y314   -1.3253    2.8700   0   0   0
Y316   -0.6754    3.4001   0   0   0
Y322   -1.0572    3.9128   0   0   0
Y323   -1.3485    4.2580   0   0   0
Y328   -0.4746    3.8258   0   0   0
Y332   -0.8046    4.5280   0   0   0
Y336   -0.4707    2.4483   0   0   0
Y337   -0.5799    2.9777   0   0   0
Y338   -0.2796    2.0894   0   0   0
Y339   -0.3891    2.7511   0   0   0
Y340   -0.5821    3.0973   0   0   0
Y342    0.0371    3.9335   0   0   0
Y344   -0.1940    3.7036   0   0   0
Y346    0.2826    3.0081   0   0   0
Y348    0.6841    2.2731   0   0   0
Y349   -0.7664    2.8178   0   0   0
Y350   -1.0781    3.0367   0   0   0
Y351   -1.3760    3.5095   0   0   0
Y353   -0.2828    2.1178   0   0   0
Y354   -0.6235    3.2377   0   0   0
Y355   -1.1329    2.9557   0   0   0
Y357   -0.6522    2.6187   0   0   0
Y358   -0.9539    3.0493   0   0   0
Y359   -1.3941    3.6789   0   0   0
Y361   -0.8093    2.8556   0   0   0
Y362   -0.9691    3.0896   0   0   0
Y363   -1.2212    2.9977   0   0   0
Y364   -0.8651    4.7534   0   0   0
Y365   -1.2943    5.3964   0   0   0
Y367   -0.7091    4.5322   0   0   0
Y368   -1.3449    5.7647   0   0   0
Y371   -1.3626    4.6694   0   0   0
Y372   -0.7548    3.0267   0   0   0
Y374   -1.2867    4.6257   0   0   0
Y375   -1.0011    3.3243   0   0   0
Y376   -0.6701    2.6748   0   0   0
Y377   -0.9413    2.7456   0   0   0
Y378   -1.3462    3.3438   0   0   0
Y380   -0.8179    3.0399   0   0   0
Y381   -1.2030    4.2656   0   0   0
Y384   -1.3250    5.1583   0   0   0
Y385   -0.5170    4.1146   0   0   0
Y387   -1.2432    5.2594   0   0   0
Y388   -0.6243    3.9944   0   0   0
Y389    0.3271    2.3780   0   0   0
Y390   -1.3339    5.0466   0   0   0
Y392   -0.8619    3.6654   0   0   0
Y393   -1.3111    5.0612   0   0   0
Y395   -0.8868    3.7278   0   0   0
Y396    0.1567    2.7644   0   0   0
Y397    0.7837    2.1666   0   0   0
Y403   -0.6196    3.5424   0   0   0
Y404   -0.7126    3.7440   0   0   0
Y405   -0.7685    3.4256   0   0   0
Y406   -0.7706    3.3707   0   0   0
Y407   -1.1648    4.4096   0   0   0
Y408   -0.9366    3.3136   0   0   0
Y409   -0.9690    4.0140   0   0   0
Y410   -1.1994    3.8014   0   0   0
Y411   -0.9349    3.6579   0   0   0
Y412   -1.2761    4.5033   0   0   0
Y414   -0.5532    3.4784   0   0   0
Y426    0.4775    1.8706   0   0   0
Y427   -0.1889    2.8522   0   0   0
Y428   -0.6703    3.8041   0   0   0
Y429   -1.1695    5.2171   0   0   0
Y430   -1.3800    5.5487   0   0   0
Y431   -0.5354    3.5643   0   0   0
Y432   -0.1241    1.6838   0   0   0
Y434   -1.3430    3.3639   0   0   0
Y435   -1.1760    3.4314   0   0   0
Y455   -1.1344    4.1111   0   0   0
Y456   -0.4039    3.5284   0   0   0
Y457    1.8824    2.2746   0   0   0
Y458    1.7509    1.8552   0   0   0
Y459   -0.1391    3.2167   0   0   0
Y467    0.7995    2.5384   0   0   0
Y468    1.1110    2.1959   0   0   0
Y469    0.7015    2.4542   0   0   0
Y470    0.7151    2.2700   0   0   0
Y471   -0.9439    3.8765   0   0   0
Y474   -1.2893    4.9379   0   0   0
Y475   -1.3514    4.9370   0   0   0
Y476   -0.8581    4.3154   0   0   0
Y480   -0.7886    4.2539   0   0   0
Y481   -0.4670    3.6583   0   0   0
Y482   -0.7886    4.1000   0   0   0
Y483   -0.2613    3.4335   0   0   0
Y484   -0.4295    3.8636   0   0   0
Y485   -0.3356    3.7706   0   0   0
Y486   -0.8575    4.8673   0   0   0
Y488   -0.6530    3.3319   0   0   0
Y489   -0.2600    3.0253   0   0   0
Y490    0.3966    2.6477   0   0   0
Y494   -0.8379    4.6166   0   0   0
Y497   -0.4757    2.0598   0   0   0
Y498   -0.3164    2.1625   0   0   0
Y499   -0.5599    2.2986   0   0   0
Y500   -1.0054    2.4002   0   0   0
Y501   -0.3891    2.4874   0   0   0
Y502   -0.2056    3.3153   0   0   0
Y503   -1.0582    4.3671   0   0   0
Y504   -1.3050    5.1055   0   0   0
Y506   -0.4180    3.4300   0   0   0
Y507   -0.7894    3.7715   0   0   0
Y508   -0.9855    4.0797   0   0   0
Y509   -1.0297    4.2712   0   0   0
Y510   -0.7490    4.0600   0   0   0
Y511   -0.3678    3.5950   0   0   0
Y512   -0.3651    3.4132   0   0   0
Y513   -0.2998    3.3719   0   0   0
Y516   -1.3550    5.3629   0   0   0
Y517   -0.5266    3.8492   0   0   0
Y519   -1.3550    5.4390   0   0   0
Y520   -1.2247    3.2135   0   0   0
Y521   -0.7666    2.9730   0   0   0
Y522   -0.5285    3.7075   0   0   0
Y523   -1.0614    3.2101   0   0   0
Y524    0.0449    2.0249   0   0   0
Y525    0.9101    1.3101   0   0   0
Y526   -0.1671    2.0374   0   0   0
Y527   -0.7665    2.7852   0   0   0
Y528   -0.3614    2.4276   0   0   0
Y529   -0.1801    2.3925   0   0   0
Y530   -0.3740    2.7376   0   0   0
Y531   -0.3800    2.4372   0   0   0
Y532   -0.1873    2.1280   0   0   0
Y533   -1.0525    3.6232   0   0   0
Y534   -0.8791    2.9205   0   0   0
Y535   -0.7151    3.5752   0   0   0
Y536   -0.6447    3.6575   0   0   0
Y537   -0.5178    3.3321   0   0   0
Y538    1.1952    1.0468   0   0   0
Y539    1.0767    1.0905   0   0   0
Y540    1.2603    0.9723   0   0   0
Y541    0.9116    1.3638   0   0   0
Y542    0.6920    1.7134   0   0   0
Y543    0.8784    1.4259   0   0   0
Y544    0.9901    1.2356   0   0   0
Y545    0.9484    1.4977   0   0   0
Y546    1.0150    1.0352   0   0   0
Y547    0.0881    2.6827   0   0   0
Y548   -0.3675    2.8482   0   0   0
Y551   -0.7108    3.6981   0   0   0
Y552   -0.2474    3.7332   0   0   0
Y553   -0.1031    3.0458   0   0   0
Y554    0.1406    3.3173   0   0   0
Y555    0.6149    2.4812   0   0   0
Y556    0.6744    2.4596   0   0   0
Y557    0.6176    2.5017   0   0   0
Y558    0.4193    2.8191   0   0   0
Y559   -0.4740    4.1094   0   0   0
Y560    0.2901    2.0804   0   0   0
Y561   -0.9566    2.4971   0   0   0
Y562   -1.3495    5.5325   0   0   0
Y564   -1.4139    5.6152   0   0   0
Y566   -0.7138    3.7572   0   0   0
Y567   -0.7282    3.6817   0   0   0
Y568   -0.4978    3.5180   0   0   0
Y569   -0.6036    4.1881   0   0   0
Y571   -0.7931    3.7571   0   0   0
Y572    0.3031    1.6890   0   0   0
Y573   -0.1508    2.2205   0   0   0
Y575   -0.4391    3.7678   0   0   0
Y576    0.4633    2.5062   0   0   0
Y577   -0.1557    3.1420   0   0   0
Y578    0.2070    2.9285   0   0   0
Y579    0.1534    3.3400   0   0   0
Y580    0.8686    2.7871   0   0   0
Y581   -0.7331    4.0172   0   0   0
Y582   -0.7573    4.2181   0   0   0
Y583   -0.6972    3.9559   0   0   0
Y584   -0.6454    3.9558   0   0   0
Y585   -0.1969    3.4245   0   0   0
Y589   -0.1522    2.8370   0   0   0
Y590   -0.5074    3.4877   0   0   0
Y591   -0.5816    4.0389   0   0   0
Y593   -0.1410    3.0651   0   0   0
Y594   -0.0606    3.2940   0   0   0
Y595   -0.3927    3.4663   0   0   0
Y596    1.0881    1.8920   0   0   0
Y598   -0.2449    2.0748   0   0   0
Y599    0.7689    1.9954   0   0   0
Y600   -0.9466    3.8660   0   0   0
Y601   -1.3176    4.4095   0   0   0
Y602   -0.9445    4.5623   0   0   0
Y603    0.2938    2.8256   0   0   0
Y607   -1.0042    3.3583   0   0   0
Y608   -1.2418    4.2853   0   0   0
Y613   -0.0872    3.6728   0   0   0
Y612    0.1064    3.4792   0   0   0
Y614    0.0918    3.4938   0   0   0
Y615   -1.0928    4.6784   0   0   0
Y616   -1.3447    4.9304   0   0   0
Y609    0.7985    2.7871   0   0   0
Y611   -0.4476    4.0332   0   0   0
Y610    0.3469    3.2387   0   0   0
