
2021-02-01 12:59:43
[{'完工时间': (125.26603590940678, 243.92350810200531, 386.4063733578766), '最大机器负荷': 184, '机器总负荷': 679}, {'完工时间': (130.35964087449355, 242.3110117110305, 376.1748838070778), '最大机器负荷': 190, '机器总负荷': 678}, {'完工时间': (126.68666255048547, 250.0015468130624, 399.75945446943086), '最大机器负荷': 178, '机器总负荷': 682}, {'完工时间': (130.8130370234282, 243.2987534517178, 387.3797170979692), '最大机器负荷': 189, '机器总负荷': 679}, {'完工时间': (124.6558893573921, 241.6338824837847, 386.59982103244386), '最大机器负荷': 183, '机器总负荷': 680}]
([10, 6, 2, 2, 8, 7, 9, 1, 4, 12, 4, 14, 12, 11, 5, 5, 10, 10, 0, 14, 9, 5, 8, 5, 2, 0, 13, 8, 9, 7, 14, 3, 6, 5, 13, 11, 6, 13, 4, 8, 12, 5, 12, 4, 10, 13, 0, 8, 2, 3, 1, 0, 7, 8, 7, 5, 11, 10, 14, 9, 9, 12, 1, 4, 6, 0, 10, 2, 10, 11, 2, 8, 13, 8, 5, 13, 7, 6, 4, 3, 9, 3, 3, 0, 1, 7, 12, 5, 12, 8, 9, 13, 7, 3, 9, 3, 14, 2, 11, 11, 1, 14, 9, 2, 14, 7], [0, 0, 1, 0, 0, 1, 0, 1, 0, 1, 1, 0, 0, 1, 0, 1, 0, 1, 1, 1, 0, 0, 0, 1, 1, 0, 1, 0, 0, 0, 0, 1, 0, 1, 0, 1, 1, 0, 1, 0, 1, 0, 0, 1, 1, 0, 1, 0, 0, 1, 0, 0, 1, 1, 0, 0, 0, 1, 0, 0, 0, 1, 0, 1, 1, 0, 1, 1, 0, 0, 0, 0, 1, 0, 1, 0, 0, 0, 1, 0, 0, 0, 1, 0, 0, 0, 1, 0, 1, 0, 1, 1, 1, 1, 0, 1, 1, 0, 0, 0, 0, 1, 0, 0, 1, 0], [0, 1, 2, 0, 2, 2, 0, 3, 2, 2, 0, 3, 3, 1, 1, 3, 1, 0, 3, 3, 3, 3, 3, 3, 3, 3, 1, 1, 3, 1, 3, 0, 0, 1, 2, 3, 2, 2, 3, 1, 0, 2, 2, 2, 0, 2, 1, 3, 2, 0, 1, 0, 0, 2, 0, 1, 3, 0, 0, 1, 2, 3, 1, 1, 3, 0, 3, 1, 1, 1, 0, 0, 1, 3, 1, 3, 2, 1, 1, 0, 3, 2, 0, 1, 2, 2, 1, 1, 3, 3, 3, 3, 3, 3, 2, 2, 3, 1, 0, 2, 0, 1, 3, 3, 3, 1])
([10, 6, 2, 2, 8, 7, 9, 1, 4, 12, 4, 14, 11, 12, 5, 5, 10, 10, 5, 14, 0, 9, 2, 8, 5, 0, 13, 8, 9, 7, 14, 13, 5, 6, 13, 11, 8, 6, 4, 12, 12, 13, 4, 5, 0, 10, 8, 3, 2, 1, 0, 7, 8, 3, 7, 5, 11, 10, 14, 9, 9, 12, 1, 4, 10, 6, 2, 0, 11, 8, 10, 2, 13, 8, 5, 13, 7, 6, 3, 4, 9, 3, 3, 0, 1, 12, 7, 5, 12, 8, 9, 13, 7, 3, 9, 3, 14, 2, 11, 11, 1, 14, 9, 2, 14, 7], [0, 0, 1, 0, 0, 1, 0, 1, 0, 1, 1, 0, 0, 1, 0, 1, 0, 1, 1, 1, 0, 0, 0, 1, 1, 0, 1, 0, 0, 0, 0, 1, 0, 1, 0, 1, 1, 0, 1, 0, 1, 0, 0, 1, 1, 0, 1, 0, 0, 1, 0, 0, 1, 1, 0, 0, 0, 1, 0, 0, 0, 1, 0, 1, 1, 0, 1, 1, 0, 0, 0, 0, 1, 0, 1, 0, 0, 0, 1, 0, 0, 0, 1, 0, 0, 0, 1, 0, 0, 0, 1, 1, 1, 1, 0, 1, 1, 0, 0, 0, 0, 1, 0, 0, 1, 0], [0, 1, 2, 0, 2, 2, 0, 3, 2, 2, 0, 3, 3, 1, 1, 3, 1, 0, 3, 3, 3, 3, 3, 3, 3, 3, 1, 1, 3, 1, 3, 0, 0, 1, 2, 3, 2, 2, 3, 1, 0, 2, 2, 2, 0, 2, 1, 3, 2, 0, 1, 0, 0, 2, 0, 1, 3, 0, 0, 1, 2, 3, 1, 1, 3, 0, 3, 1, 1, 1, 0, 0, 1, 3, 1, 3, 2, 1, 1, 0, 3, 2, 0, 1, 2, 2, 1, 1, 3, 3, 3, 3, 3, 3, 2, 2, 3, 1, 0, 2, 0, 1, 3, 3, 3, 1])
([10, 6, 2, 2, 8, 7, 9, 1, 4, 12, 4, 14, 12, 11, 5, 5, 10, 10, 0, 14, 9, 5, 8, 5, 2, 13, 0, 8, 9, 7, 14, 3, 6, 5, 13, 11, 6, 13, 4, 8, 12, 5, 12, 4, 10, 13, 0, 8, 2, 3, 1, 0, 7, 8, 7, 5, 11, 10, 14, 9, 9, 12, 1, 4, 6, 0, 10, 2, 10, 11, 2, 8, 13, 8, 5, 13, 7, 6, 4, 3, 9, 3, 3, 0, 1, 7, 12, 5, 12, 8, 9, 13, 7, 3, 9, 3, 14, 2, 11, 11, 1, 14, 9, 2, 14, 7], [0, 0, 1, 0, 0, 1, 0, 1, 0, 1, 1, 0, 0, 1, 0, 1, 0, 1, 1, 1, 0, 0, 0, 1, 1, 0, 1, 1, 0, 0, 1, 1, 0, 1, 0, 1, 1, 0, 1, 0, 1, 0, 0, 1, 1, 0, 1, 0, 0, 1, 0, 0, 1, 1, 0, 0, 0, 1, 0, 0, 0, 1, 0, 1, 1, 0, 1, 1, 0, 0, 0, 0, 1, 0, 1, 0, 0, 0, 1, 0, 0, 0, 1, 0, 0, 0, 1, 0, 1, 0, 1, 1, 1, 1, 0, 1, 1, 0, 0, 0, 0, 1, 0, 0, 1, 0], [0, 1, 2, 0, 2, 2, 0, 3, 2, 2, 0, 3, 3, 1, 1, 3, 1, 0, 3, 3, 3, 3, 3, 3, 3, 3, 1, 1, 3, 1, 3, 0, 0, 1, 2, 3, 2, 2, 3, 1, 0, 2, 2, 2, 0, 2, 1, 3, 2, 0, 1, 0, 0, 2, 0, 1, 3, 0, 0, 1, 2, 3, 1, 1, 3, 0, 3, 1, 1, 1, 0, 0, 1, 3, 1, 3, 2, 1, 1, 0, 3, 2, 0, 1, 2, 2, 1, 1, 3, 3, 3, 3, 3, 3, 2, 2, 3, 1, 0, 2, 0, 1, 3, 3, 3, 1])
([10, 6, 2, 2, 8, 7, 9, 4, 1, 12, 4, 12, 11, 14, 5, 5, 0, 10, 10, 14, 9, 5, 8, 5, 2, 0, 13, 8, 9, 7, 13, 14, 6, 5, 13, 11, 3, 6, 4, 8, 12, 5, 12, 4, 13, 10, 0, 8, 2, 3, 1, 7, 0, 8, 7, 5, 11, 10, 14, 9, 9, 12, 1, 4, 6, 10, 13, 11, 10, 2, 0, 8, 13, 8, 2, 5, 7, 6, 3, 4, 9, 3, 3, 1, 0, 7, 12, 5, 12, 8, 9, 13, 7, 3, 9, 3, 14, 2, 11, 11, 1, 14, 9, 2, 14, 7], [0, 0, 1, 0, 0, 1, 0, 1, 0, 1, 1, 0, 0, 1, 0, 1, 0, 1, 1, 1, 0, 0, 0, 1, 1, 0, 1, 0, 0, 0, 0, 1, 0, 1, 0, 1, 1, 0, 1, 0, 0, 0, 0, 1, 1, 0, 1, 0, 0, 1, 0, 0, 1, 1, 0, 0, 0, 1, 0, 0, 0, 1, 0, 1, 1, 0, 1, 1, 0, 0, 0, 0, 1, 0, 1, 0, 0, 0, 1, 0, 0, 0, 1, 0, 0, 0, 1, 0, 1, 0, 1, 1, 1, 1, 0, 1, 1, 0, 0, 0, 0, 1, 0, 0, 1, 0], [0, 1, 2, 0, 2, 2, 0, 3, 2, 2, 0, 3, 3, 1, 1, 3, 1, 0, 3, 3, 3, 3, 3, 3, 3, 3, 1, 1, 3, 1, 3, 0, 0, 1, 2, 3, 2, 2, 3, 1, 0, 2, 2, 2, 0, 2, 1, 3, 2, 0, 1, 0, 0, 2, 0, 1, 3, 0, 0, 1, 2, 3, 1, 1, 3, 0, 3, 1, 1, 1, 0, 0, 1, 3, 1, 3, 2, 1, 1, 0, 3, 2, 0, 1, 2, 2, 1, 1, 3, 3, 3, 3, 3, 3, 2, 2, 3, 1, 0, 2, 0, 1, 3, 3, 3, 1])
([10, 6, 2, 2, 8, 7, 9, 4, 1, 12, 4, 14, 11, 12, 5, 5, 0, 10, 14, 10, 5, 9, 5, 8, 2, 0, 13, 9, 8, 7, 14, 13, 6, 5, 13, 11, 3, 6, 4, 12, 5, 8, 12, 4, 13, 10, 0, 8, 2, 3, 1, 0, 8, 7, 7, 5, 11, 10, 14, 9, 9, 12, 1, 4, 6, 10, 13, 2, 10, 11, 0, 13, 8, 8, 2, 5, 7, 6, 3, 4, 9, 3, 3, 0, 1, 7, 12, 5, 12, 8, 9, 13, 7, 3, 9, 3, 14, 2, 11, 11, 1, 14, 9, 2, 14, 7], [0, 0, 1, 0, 0, 1, 0, 1, 0, 1, 1, 0, 0, 1, 0, 1, 0, 1, 1, 1, 0, 0, 0, 1, 1, 0, 1, 1, 0, 0, 0, 1, 0, 1, 0, 1, 1, 0, 1, 0, 1, 0, 0, 1, 1, 0, 1, 0, 0, 1, 0, 0, 1, 1, 0, 0, 0, 1, 0, 0, 0, 1, 0, 1, 1, 0, 1, 1, 0, 0, 0, 0, 1, 0, 1, 0, 0, 0, 1, 0, 0, 0, 1, 0, 0, 0, 1, 0, 1, 0, 1, 1, 1, 1, 0, 1, 1, 0, 0, 0, 0, 1, 0, 0, 1, 0], [0, 1, 2, 0, 2, 2, 0, 3, 2, 2, 0, 3, 3, 1, 1, 3, 1, 0, 3, 3, 3, 3, 3, 3, 3, 3, 1, 1, 3, 1, 3, 0, 0, 1, 2, 3, 2, 2, 3, 1, 0, 2, 2, 2, 0, 2, 1, 3, 2, 0, 1, 0, 0, 2, 0, 1, 3, 0, 0, 1, 2, 3, 1, 1, 3, 0, 3, 1, 1, 1, 0, 0, 1, 3, 1, 3, 2, 1, 1, 0, 3, 2, 0, 1, 2, 2, 1, 1, 3, 3, 3, 3, 3, 3, 2, 2, 3, 1, 0, 2, 0, 1, 3, 3, 3, 1])
运行时间71.8908302783966

2021-02-01 13:11:01
[{'完工时间': (123.67644618121464, 239.64842908091435, 362.38241584700256), '最大机器负荷': 182, '机器总负荷': 688}, {'完工时间': (128.71758865820777, 243.96154078798452, 367.8165167554131), '最大机器负荷': 186, '机器总负荷': 687}, {'完工时间': (129.86883530248753, 244.01650384685132, 367.9633670279039), '最大机器负荷': 192, '机器总负荷': 683}, {'完工时间': (124.81654977902998, 245.46859198007445, 369.4037573194346), '最大机器负荷': 187, '机器总负荷': 685}]
([3, 0, 3, 13, 2, 8, 5, 0, 10, 0, 2, 4, 5, 8, 13, 13, 10, 14, 4, 1, 11, 6, 9, 0, 7, 3, 11, 13, 2, 5, 12, 3, 13, 10, 7, 2, 5, 6, 0, 8, 10, 11, 7, 1, 6, 5, 10, 9, 6, 12, 14, 3, 2, 9, 4, 5, 12, 9, 4, 7, 4, 14, 3, 8, 12, 5, 8, 0, 1, 8, 11, 8, 10, 11, 7, 9, 2, 14, 13, 5, 2, 9, 14, 12, 11, 13, 2, 10, 5, 7, 8, 6, 12, 4, 1, 7, 12, 3, 7, 1, 9, 9, 14, 8, 14, 9], [1, 0, 0, 0, 0, 1, 0, 0, 0, 0, 1, 0, 0, 1, 0, 1, 0, 1, 1, 1, 0, 1, 0, 1, 1, 0, 1, 1, 0, 0, 0, 1, 0, 1, 0, 1, 0, 0, 1, 0, 1, 0, 0, 1, 0, 0, 1, 0, 1, 1, 0, 0, 1, 1, 1, 0, 1, 1, 0, 0, 0, 1, 0, 1, 0, 1, 1, 1, 0, 0, 0, 0, 1, 0, 1, 0, 0, 0, 1, 0, 0, 0, 1, 0, 0, 0, 1, 0, 0, 1, 1, 1, 1, 1, 0, 1, 1, 1, 0, 0, 0, 1, 0, 1, 1, 1], [3, 1, 1, 1, 3, 3, 2, 1, 1, 3, 0, 2, 1, 3, 0, 1, 0, 0, 2, 1, 2, 3, 1, 2, 2, 1, 2, 1, 1, 3, 3, 3, 3, 3, 1, 0, 2, 1, 0, 2, 3, 0, 3, 3, 3, 2, 2, 0, 0, 1, 3, 2, 0, 2, 3, 3, 2, 2, 1, 0, 2, 2, 1, 0, 3, 1, 3, 1, 3, 3, 2, 3, 3, 3, 1, 2, 1, 3, 1, 2, 1, 0, 1, 1, 3, 2, 0, 0, 2, 1, 1, 2, 0, 2, 2, 3, 3, 1, 2, 0, 3, 3, 3, 1, 3, 3])
([3, 0, 3, 13, 2, 8, 5, 0, 10, 0, 2, 4, 5, 8, 13, 13, 10, 14, 4, 1, 11, 6, 9, 0, 7, 3, 2, 13, 5, 2, 12, 3, 13, 10, 7, 11, 5, 6, 0, 8, 10, 11, 7, 1, 6, 5, 10, 9, 6, 12, 14, 3, 2, 9, 4, 5, 12, 9, 4, 7, 4, 14, 3, 8, 12, 5, 8, 0, 1, 8, 11, 8, 10, 11, 7, 9, 2, 14, 13, 5, 2, 9, 14, 12, 11, 13, 2, 10, 5, 7, 8, 6, 12, 4, 1, 7, 12, 3, 7, 1, 9, 9, 14, 8, 14, 9], [1, 0, 0, 0, 0, 1, 0, 0, 0, 0, 1, 0, 0, 1, 0, 1, 0, 1, 1, 1, 0, 1, 0, 1, 1, 0, 1, 1, 0, 0, 0, 1, 0, 0, 0, 1, 0, 0, 1, 0, 1, 0, 0, 1, 0, 0, 1, 0, 1, 1, 0, 0, 1, 1, 1, 0, 1, 1, 0, 0, 0, 1, 0, 1, 0, 1, 1, 1, 0, 0, 0, 0, 1, 0, 1, 0, 0, 0, 1, 0, 0, 0, 1, 0, 0, 0, 1, 0, 0, 1, 1, 1, 1, 1, 0, 1, 1, 1, 0, 0, 0, 1, 0, 1, 1, 1], [3, 1, 1, 1, 3, 3, 2, 1, 1, 3, 0, 2, 1, 3, 0, 1, 0, 0, 2, 1, 2, 3, 1, 2, 2, 1, 2, 1, 1, 3, 3, 3, 3, 3, 1, 0, 2, 1, 0, 2, 3, 0, 3, 3, 3, 2, 2, 0, 0, 1, 3, 2, 0, 2, 3, 3, 2, 2, 1, 0, 2, 2, 1, 0, 3, 1, 3, 1, 3, 3, 2, 3, 3, 3, 1, 2, 1, 3, 1, 2, 1, 0, 1, 1, 3, 2, 0, 0, 2, 1, 1, 2, 0, 2, 2, 3, 3, 1, 2, 0, 3, 3, 3, 1, 3, 3])
([3, 0, 3, 13, 2, 8, 5, 0, 10, 0, 2, 4, 5, 8, 13, 13, 10, 14, 4, 1, 11, 6, 9, 0, 7, 3, 2, 13, 3, 2, 12, 5, 13, 10, 7, 11, 5, 0, 6, 8, 10, 11, 7, 1, 5, 6, 10, 9, 6, 14, 12, 3, 2, 9, 4, 5, 9, 12, 4, 7, 4, 14, 3, 8, 12, 5, 8, 0, 1, 8, 11, 8, 10, 11, 7, 9, 2, 14, 13, 5, 2, 9, 14, 11, 12, 13, 2, 8, 5, 10, 7, 6, 12, 1, 7, 4, 12, 3, 7, 1, 9, 9, 14, 8, 14, 9], [0, 0, 0, 0, 0, 1, 0, 0, 0, 0, 1, 0, 0, 1, 0, 1, 0, 1, 1, 1, 0, 1, 0, 1, 1, 0, 1, 1, 0, 0, 0, 1, 0, 0, 0, 1, 0, 0, 1, 0, 1, 0, 0, 1, 0, 0, 1, 0, 1, 1, 0, 0, 1, 1, 0, 0, 1, 1, 0, 0, 0, 1, 0, 1, 0, 1, 1, 1, 0, 0, 0, 0, 1, 0, 1, 0, 0, 0, 1, 0, 0, 0, 1, 0, 0, 0, 1, 0, 0, 1, 1, 1, 1, 1, 0, 1, 1, 1, 0, 0, 0, 1, 0, 1, 1, 1], [3, 1, 1, 1, 3, 3, 2, 1, 1, 3, 0, 2, 1, 3, 0, 1, 0, 0, 2, 1, 2, 3, 1, 2, 2, 1, 2, 1, 1, 3, 3, 3, 3, 3, 1, 0, 2, 1, 0, 2, 3, 0, 3, 3, 3, 2, 2, 0, 0, 1, 3, 2, 0, 2, 3, 3, 2, 2, 1, 0, 2, 2, 1, 0, 3, 1, 3, 1, 3, 3, 2, 3, 3, 3, 1, 2, 1, 3, 1, 2, 1, 0, 1, 1, 3, 2, 0, 0, 2, 1, 1, 2, 0, 2, 2, 3, 3, 1, 2, 0, 3, 3, 3, 1, 3, 3])
([3, 0, 3, 13, 2, 8, 5, 0, 10, 0, 2, 4, 5, 8, 13, 13, 10, 14, 4, 1, 11, 6, 9, 0, 7, 11, 3, 2, 13, 5, 12, 3, 2, 10, 13, 7, 5, 6, 0, 8, 10, 11, 7, 1, 10, 6, 5, 9, 6, 14, 12, 3, 2, 9, 4, 5, 9, 12, 4, 7, 4, 14, 3, 8, 12, 5, 8, 0, 1, 8, 11, 8, 10, 11, 7, 9, 2, 14, 13, 5, 2, 9, 14, 12, 11, 13, 2, 10, 5, 7, 8, 6, 12, 1, 4, 7, 12, 3, 7, 1, 9, 9, 14, 8, 14, 9], [0, 0, 0, 0, 0, 1, 0, 0, 0, 0, 1, 0, 0, 1, 0, 1, 0, 1, 1, 1, 0, 1, 0, 1, 1, 0, 1, 1, 0, 0, 0, 1, 0, 0, 0, 1, 0, 0, 1, 0, 1, 0, 0, 1, 0, 0, 1, 0, 1, 1, 0, 0, 1, 1, 1, 0, 1, 1, 0, 0, 0, 1, 0, 1, 0, 1, 1, 1, 0, 0, 0, 0, 1, 0, 1, 0, 0, 0, 1, 0, 0, 0, 1, 0, 0, 0, 1, 0, 0, 1, 1, 1, 1, 1, 0, 1, 1, 1, 0, 0, 0, 1, 0, 1, 1, 1], [3, 1, 1, 1, 3, 3, 2, 1, 1, 3, 0, 2, 1, 3, 0, 1, 0, 0, 2, 1, 2, 3, 1, 2, 2, 1, 2, 1, 1, 3, 3, 3, 3, 3, 1, 0, 2, 1, 0, 2, 3, 0, 3, 3, 3, 2, 2, 0, 0, 1, 3, 2, 0, 2, 3, 3, 2, 2, 1, 0, 2, 2, 1, 0, 3, 1, 3, 1, 3, 3, 2, 3, 3, 3, 1, 2, 1, 3, 1, 2, 1, 0, 1, 1, 3, 2, 0, 0, 2, 1, 1, 2, 0, 2, 2, 3, 3, 1, 2, 0, 3, 3, 3, 1, 3, 3])
运行时间73.29610633850098

2021-02-01 13:15:12
[{'完工时间': (120.44607866134139, 236.39134055029444, 358.9912976818728), '最大机器负荷': 203, '机器总负荷': 684}, {'完工时间': (132.300713061036, 255.8082641654023, 390.20539728918254), '最大机器负荷': 203, '机器总负荷': 681}, {'完工时间': (135.11266899871828, 242.99181808088088, 371.15122471868517), '最大机器负荷': 191, '机器总负荷': 685}, {'完工时间': (128.58722713182325, 235.6573618824725, 359.1714394608477), '最大机器负荷': 177, '机器总负荷': 693}, {'完工时间': (131.03867026218865, 250.20837115550822, 386.628606222593), '最大机器负荷': 179, '机器总负荷': 693}, {'完工时间': (114.1275444569934, 222.37297579331187, 344.7116152362474), '最大机器负荷': 178, '机器总负荷': 687}, {'完工时间': (126.8784587534847, 243.0145036276127, 366.06628609103495), '最大机器负荷': 183, '机器总负荷': 684}, {'完工时间': (120.00964264469187, 231.80474972304114, 352.5710385064187), '最大机器负荷': 197, '机器总负荷': 682}, {'完工时间': (136.66463339859243, 262.3310506347342, 390.0749455313616), '最大机器负荷': 192, '机器总负荷': 682}, {'完工时间': (120.06537957042994, 230.77606217081967, 354.56095040891216), '最大机器负荷': 181, '机器总负荷': 687}, {'完工时间': (129.82920384055365, 250.9701434571977, 381.8859912983072), '最大机器负荷': 187, '机器总负荷': 683}, {'完工时间': (112.68021859841939, 221.5180632977396, 339.69327810424), '最大机器负荷': 181, '机器总负荷': 688}, {'完工时间': (132.5019504896317, 236.42631031907453, 360.2053210542751), '最大机器负荷': 185, '机器总负荷': 688}, {'完工时间': (123.15451463650075, 237.06951174547973, 359.3750560472439), '最大机器负荷': 211, '机器总负荷': 681}, {'完工时间': (133.7497298287384, 239.21999962103595, 367.06545502441503), '最大机器负荷': 178, '机器总负荷': 692}, {'完工时间': (132.2291160948974, 236.52779777578465, 360.4385694708642), '最大机器负荷': 182, '机器总负荷': 689}, {'完工时间': (128.2158022442295, 226.1440211756304, 347.11543184736917), '最大机器负荷': 187, '机器总负荷': 688}, {'完工时间': (120.79060937280335, 237.05342078236518, 359.2352163256777), '最大机器负荷': 211, '机器总负荷': 683}, {'完工时间': (126.93789743656959, 225.12870129066434, 347.5575717653549), '最大机器负荷': 187, '机器总负荷': 687}, {'完工时间': (136.82067657211905, 262.20749698322294, 389.1106793431612), '最大机器负荷': 197, '机器总负荷': 681}, {'完工时间': (128.7184075493963, 255.96373494945158, 385.1506339895422), '最大机器负荷': 181, '机器总负荷': 686}, {'完工时间': (131.63565970917074, 252.7842254110058, 390.070810110997), '最大机器负荷': 203, '机器总负荷': 680}, {'完工时间': (119.76688968524843, 236.39116089205467, 358.8455421874045), '最大机器负荷': 203, '机器总负荷': 683}, {'完工时间': (119.20537851232574, 235.37013702384888, 359.3251518262129), '最大机器负荷': 186, '机器总负荷': 683}, {'完工时间': (120.88731397800518, 235.8551252253841, 356.29148714611574), '最大机器负荷': 208, '机器总负荷': 680}, {'完工时间': (128.2627217143993, 226.21547620543026, 347.74613261841745), '最大机器负荷': 194, '机器总负荷': 687}, {'完工时间': (120.94499565724477, 236.52754403352944, 354.2192744036001), '最大机器负荷': 178, '机器总负荷': 688}, {'完工时间': (135.19328637406255, 259.2825173290305, 392.42733701674825), '最大机器负荷': 193, '机器总负荷': 682}, {'完工时间': (128.0434832115294, 245.59416246069978, 374.97338690511697), '最大机器负荷': 192, '机器总负荷': 683}, {'完工时间': (129.79774765750096, 230.09852043744303, 353.7539332147649), '最大机器负荷': 193, '机器总负荷': 688}]
([14, 13, 0, 3, 13, 9, 5, 1, 2, 7, 11, 10, 14, 4, 14, 12, 7, 5, 3, 13, 3, 11, 9, 11, 8, 8, 1, 1, 4, 9, 5, 10, 8, 2, 5, 9, 12, 4, 9, 13, 0, 2, 14, 6, 12, 10, 14, 5, 1, 4, 9, 9, 0, 7, 6, 10, 8, 14, 4, 3, 8, 2, 10, 0, 8, 3, 8, 12, 6, 5, 7, 12, 2, 5, 13, 14, 11, 3, 8, 12, 0, 7, 8, 6, 13, 12, 11, 7, 5, 7, 9, 2, 5, 4, 7, 1, 11, 10, 2, 6, 13, 0, 9, 2, 10, 3], [1, 1, 1, 0, 0, 1, 0, 1, 0, 0, 1, 0, 0, 0, 0, 1, 0, 1, 1, 1, 0, 0, 0, 1, 0, 0, 1, 1, 0, 0, 0, 1, 0, 1, 0, 1, 0, 0, 0, 0, 1, 0, 0, 1, 0, 0, 1, 0, 0, 1, 0, 0, 1, 1, 0, 0, 1, 0, 0, 0, 0, 1, 0, 1, 0, 0, 1, 0, 0, 0, 0, 1, 1, 1, 1, 0, 0, 0, 1, 0, 0, 0, 0, 0, 0, 0, 1, 0, 0, 0, 1, 1, 1, 1, 0, 1, 1, 1, 0, 0, 0, 1, 0, 0, 1, 1], [2, 0, 1, 1, 1, 1, 3, 3, 2, 0, 2, 0, 3, 2, 0, 1, 0, 0, 1, 1, 2, 1, 3, 1, 3, 3, 3, 0, 0, 3, 0, 1, 0, 2, 1, 2, 1, 0, 0, 2, 0, 0, 1, 3, 1, 3, 2, 3, 1, 3, 1, 0, 3, 1, 0, 1, 0, 0, 3, 0, 2, 3, 3, 2, 2, 3, 0, 2, 2, 3, 0, 0, 0, 2, 1, 2, 0, 0, 2, 3, 1, 2, 0, 1, 1, 1, 2, 1, 0, 1, 0, 2, 0, 2, 0, 1, 0, 1, 2, 3, 3, 3, 3, 2, 3, 1])
([0, 14, 13, 3, 3, 9, 5, 4, 2, 14, 1, 10, 12, 11, 3, 5, 12, 7, 1, 8, 8, 14, 9, 7, 13, 5, 3, 13, 11, 9, 11, 10, 8, 4, 2, 9, 5, 7, 9, 13, 2, 0, 12, 7, 6, 10, 4, 5, 0, 8, 9, 9, 14, 14, 4, 10, 6, 2, 13, 3, 8, 5, 10, 8, 1, 6, 14, 12, 8, 7, 4, 7, 0, 12, 2, 5, 7, 3, 8, 3, 0, 8, 14, 6, 11, 12, 13, 1, 5, 1, 9, 11, 2, 0, 4, 11, 5, 10, 13, 6, 12, 2, 9, 2, 10, 7], [0, 1, 1, 0, 0, 1, 0, 1, 0, 0, 1, 0, 0, 0, 0, 1, 0, 1, 1, 1, 0, 0, 0, 1, 0, 0, 1, 1, 0, 0, 0, 1, 0, 1, 0, 1, 0, 0, 0, 0, 1, 0, 0, 1, 0, 0, 1, 0, 0, 1, 0, 0, 1, 1, 0, 0, 1, 0, 0, 0, 0, 1, 0, 1, 0, 0, 1, 1, 0, 0, 0, 1, 1, 1, 1, 0, 0, 0, 1, 0, 0, 0, 0, 0, 0, 0, 1, 0, 0, 0, 1, 1, 1, 1, 0, 1, 1, 1, 0, 0, 0, 1, 0, 0, 1, 1], [2, 0, 1, 1, 1, 1, 3, 3, 2, 0, 2, 0, 3, 2, 0, 1, 0, 0, 1, 1, 2, 1, 3, 1, 3, 3, 3, 0, 0, 3, 0, 1, 0, 2, 1, 2, 1, 0, 0, 2, 0, 0, 1, 3, 1, 3, 2, 3, 1, 3, 1, 0, 3, 1, 0, 1, 0, 0, 3, 0, 2, 3, 3, 2, 2, 3, 0, 2, 2, 3, 0, 0, 0, 2, 1, 2, 0, 0, 2, 3, 1, 2, 0, 1, 1, 1, 2, 1, 0, 1, 0, 2, 0, 2, 0, 1, 0, 1, 2, 3, 3, 3, 3, 2, 3, 1])
([0, 14, 13, 3, 3, 9, 5, 4, 2, 14, 1, 12, 11, 3, 5, 12, 7, 1, 8, 8, 14, 7, 13, 9, 5, 3, 13, 9, 11, 11, 8, 10, 4, 9, 2, 5, 7, 9, 13, 0, 2, 12, 7, 6, 4, 5, 0, 10, 8, 14, 14, 4, 9, 9, 6, 2, 13, 10, 3, 8, 5, 8, 1, 6, 14, 12, 8, 7, 4, 7, 0, 12, 2, 5, 7, 3, 8, 3, 0, 8, 14, 6, 11, 12, 13, 1, 5, 1, 11, 10, 9, 10, 0, 2, 4, 11, 10, 5, 13, 6, 12, 2, 9, 10, 2, 7], [0, 1, 1, 0, 1, 1, 0, 1, 0, 0, 1, 1, 1, 1, 0, 1, 0, 1, 1, 1, 0, 0, 0, 1, 0, 0, 1, 1, 0, 0, 0, 1, 0, 1, 0, 1, 0, 0, 0, 0, 1, 0, 0, 1, 0, 0, 1, 0, 0, 1, 0, 0, 1, 1, 0, 0, 1, 0, 0, 0, 0, 1, 0, 1, 0, 0, 1, 1, 0, 0, 0, 0, 1, 1, 1, 0, 0, 0, 1, 0, 0, 0, 0, 0, 0, 0, 1, 0, 0, 0, 1, 1, 1, 1, 0, 1, 1, 1, 0, 0, 0, 1, 0, 0, 1, 1], [2, 0, 1, 1, 1, 1, 3, 3, 2, 0, 2, 0, 3, 2, 0, 1, 0, 0, 1, 1, 2, 1, 3, 1, 3, 3, 3, 0, 0, 3, 0, 1, 0, 2, 1, 2, 1, 0, 0, 2, 0, 0, 1, 3, 1, 3, 2, 3, 1, 3, 1, 0, 3, 1, 0, 1, 0, 0, 3, 0, 2, 3, 3, 2, 2, 3, 0, 2, 2, 3, 0, 0, 0, 2, 1, 2, 0, 0, 2, 3, 1, 2, 0, 1, 1, 1, 2, 1, 0, 1, 0, 2, 0, 2, 0, 1, 0, 1, 2, 3, 3, 3, 3, 2, 3, 1])
([0, 14, 13, 3, 3, 9, 1, 5, 4, 2, 10, 7, 14, 11, 12, 5, 7, 3, 12, 14, 13, 11, 9, 11, 8, 8, 5, 9, 1, 10, 8, 5, 1, 2, 3, 9, 13, 4, 9, 1, 6, 2, 13, 0, 10, 5, 12, 4, 0, 7, 9, 9, 6, 8, 10, 8, 6, 14, 14, 10, 2, 5, 8, 4, 13, 3, 8, 14, 7, 12, 4, 6, 2, 5, 0, 12, 11, 8, 7, 3, 3, 0, 8, 14, 11, 12, 7, 7, 2, 1, 13, 0, 5, 9, 7, 10, 11, 6, 2, 4, 5, 10, 13, 2, 9, 12], [1, 1, 0, 0, 1, 1, 0, 1, 0, 0, 1, 1, 1, 1, 0, 1, 0, 1, 1, 1, 0, 0, 0, 1, 0, 0, 1, 1, 0, 0, 1, 1, 0, 1, 0, 1, 1, 0, 0, 0, 1, 0, 0, 1, 1, 0, 1, 0, 0, 1, 0, 0, 1, 1, 0, 0, 1, 0, 0, 0, 0, 1, 0, 1, 0, 0, 1, 1, 0, 0, 0, 1, 1, 1, 1, 0, 0, 0, 1, 0, 0, 0, 0, 0, 0, 0, 1, 0, 0, 0, 1, 1, 1, 1, 0, 1, 1, 1, 0, 0, 0, 1, 0, 0, 1, 1], [2, 0, 1, 1, 1, 1, 3, 3, 2, 0, 2, 0, 3, 2, 0, 1, 0, 0, 1, 1, 2, 1, 3, 1, 3, 3, 3, 0, 0, 3, 0, 1, 0, 2, 1, 2, 1, 0, 0, 2, 0, 0, 1, 3, 1, 3, 2, 3, 1, 3, 1, 0, 3, 1, 0, 1, 0, 0, 3, 0, 2, 3, 3, 2, 2, 3, 0, 2, 2, 3, 0, 0, 0, 2, 1, 2, 0, 0, 2, 3, 1, 2, 0, 1, 1, 1, 2, 1, 0, 1, 0, 2, 0, 2, 0, 1, 0, 1, 2, 3, 3, 3, 3, 2, 3, 1])
([14, 13, 0, 3, 9, 13, 5, 1, 7, 11, 2, 4, 14, 12, 14, 7, 11, 5, 3, 13, 3, 11, 9, 10, 8, 8, 1, 9, 4, 1, 5, 12, 8, 2, 5, 9, 4, 0, 9, 13, 12, 2, 14, 6, 10, 14, 0, 5, 1, 4, 9, 9, 6, 7, 10, 8, 12, 14, 3, 4, 8, 2, 6, 5, 0, 3, 12, 8, 8, 7, 12, 3, 2, 5, 13, 14, 0, 11, 8, 12, 6, 7, 11, 8, 13, 10, 7, 2, 7, 11, 4, 9, 5, 7, 10, 1, 10, 2, 6, 0, 13, 5, 2, 10, 9, 3], [1, 1, 0, 0, 0, 1, 0, 1, 0, 1, 1, 1, 0, 1, 0, 1, 0, 1, 1, 1, 0, 0, 0, 1, 0, 0, 1, 1, 0, 0, 1, 1, 0, 1, 0, 1, 1, 0, 0, 0, 1, 0, 0, 1, 1, 0, 1, 0, 0, 1, 0, 0, 1, 1, 1, 0, 0, 0, 0, 0, 0, 1, 0, 1, 0, 0, 1, 0, 0, 0, 0, 1, 1, 1, 1, 0, 0, 0, 1, 0, 0, 0, 0, 0, 0, 0, 1, 0, 0, 0, 1, 1, 1, 1, 0, 1, 1, 1, 0, 0, 0, 1, 0, 0, 1, 1], [2, 0, 1, 1, 1, 1, 3, 3, 2, 0, 2, 0, 3, 2, 0, 1, 0, 0, 1, 1, 2, 1, 3, 1, 3, 3, 3, 0, 0, 3, 0, 1, 0, 2, 1, 2, 1, 0, 0, 2, 0, 0, 1, 3, 1, 3, 2, 3, 1, 3, 1, 0, 3, 1, 0, 1, 0, 0, 3, 0, 2, 3, 3, 2, 2, 3, 0, 2, 2, 3, 0, 0, 0, 2, 1, 2, 0, 0, 2, 3, 1, 2, 0, 1, 1, 1, 2, 1, 0, 1, 0, 2, 0, 2, 0, 1, 0, 1, 2, 3, 3, 3, 3, 2, 3, 1])
([14, 13, 0, 3, 9, 5, 1, 11, 2, 7, 10, 14, 4, 14, 12, 7, 5, 3, 3, 11, 13, 9, 13, 11, 8, 8, 1, 1, 4, 9, 5, 10, 8, 2, 5, 13, 9, 12, 4, 9, 2, 0, 14, 6, 12, 10, 14, 5, 1, 4, 9, 9, 0, 13, 7, 10, 6, 8, 14, 4, 3, 2, 8, 10, 5, 6, 8, 3, 8, 12, 0, 7, 12, 2, 13, 5, 14, 3, 8, 11, 12, 6, 0, 7, 8, 12, 11, 7, 2, 0, 7, 9, 5, 4, 7, 1, 10, 11, 2, 6, 5, 13, 9, 10, 3, 2], [0, 1, 1, 0, 1, 1, 0, 1, 0, 0, 1, 0, 0, 1, 0, 1, 0, 1, 1, 1, 0, 0, 0, 1, 1, 0, 1, 1, 0, 0, 1, 1, 0, 1, 0, 1, 1, 0, 0, 0, 1, 0, 0, 1, 1, 0, 1, 0, 0, 1, 0, 0, 1, 1, 0, 0, 1, 0, 0, 0, 0, 1, 0, 1, 0, 0, 1, 1, 0, 0, 0, 1, 1, 1, 1, 0, 0, 0, 1, 0, 0, 0, 0, 0, 0, 0, 1, 0, 0, 0, 1, 1, 1, 1, 0, 1, 1, 1, 0, 0, 0, 1, 0, 0, 1, 1], [2, 3, 1, 0, 1, 1, 2, 2, 2, 0, 1, 1, 3, 0, 3, 3, 3, 2, 3, 1, 2, 2, 0, 3, 1, 1, 2, 1, 2, 1, 3, 2, 1, 0, 1, 3, 3, 0, 2, 2, 0, 2, 2, 0, 3, 2, 2, 3, 3, 2, 3, 1, 0, 1, 0, 2, 0, 1, 3, 3, 1, 1, 3, 2, 0, 2, 2, 3, 3, 3, 3, 3, 0, 3, 1, 0, 1, 1, 2, 3, 3, 0, 3, 0, 2, 1, 2, 2, 1, 1, 3, 0, 2, 1, 1, 0, 1, 0, 0, 0, 3, 1, 0, 0, 2, 0])
([0, 14, 13, 5, 3, 9, 2, 3, 4, 14, 1, 12, 7, 5, 11, 3, 12, 7, 1, 8, 8, 14, 13, 9, 3, 11, 13, 9, 11, 8, 5, 10, 4, 9, 0, 5, 2, 9, 13, 12, 6, 5, 2, 4, 0, 10, 8, 14, 14, 4, 6, 7, 9, 9, 10, 3, 13, 8, 8, 1, 6, 14, 12, 8, 4, 5, 2, 0, 12, 3, 8, 5, 2, 3, 7, 0, 7, 8, 14, 6, 11, 12, 1, 7, 13, 5, 7, 2, 1, 11, 9, 10, 10, 7, 0, 5, 4, 11, 13, 10, 2, 6, 9, 12, 10, 2], [0, 1, 1, 0, 0, 1, 0, 1, 0, 0, 1, 0, 0, 1, 0, 1, 0, 1, 1, 1, 0, 0, 0, 1, 1, 0, 1, 1, 0, 0, 0, 1, 0, 1, 0, 1, 1, 0, 0, 0, 1, 0, 0, 1, 1, 0, 1, 0, 0, 1, 0, 0, 1, 1, 0, 0, 1, 0, 0, 0, 0, 1, 0, 1, 0, 0, 1, 1, 0, 0, 0, 1, 1, 1, 1, 0, 0, 0, 1, 0, 0, 0, 0, 0, 0, 0, 1, 0, 0, 0, 1, 1, 1, 1, 0, 1, 1, 1, 0, 0, 0, 1, 0, 0, 1, 1], [2, 0, 1, 1, 1, 1, 3, 3, 2, 0, 2, 0, 3, 2, 0, 1, 0, 0, 1, 1, 2, 1, 3, 1, 3, 3, 3, 0, 0, 3, 0, 1, 0, 2, 1, 2, 1, 0, 0, 2, 0, 0, 1, 3, 1, 3, 2, 3, 1, 3, 1, 0, 3, 1, 0, 1, 0, 0, 3, 0, 2, 3, 3, 2, 2, 3, 0, 2, 2, 3, 0, 0, 0, 2, 1, 2, 0, 0, 2, 3, 1, 2, 0, 1, 1, 1, 2, 1, 0, 1, 0, 2, 0, 2, 0, 1, 0, 1, 2, 3, 3, 3, 3, 2, 3, 1])
([14, 13, 0, 3, 9, 5, 13, 1, 2, 7, 11, 10, 14, 4, 14, 12, 7, 5, 3, 13, 3, 11, 9, 11, 8, 8, 1, 1, 4, 5, 9, 10, 8, 5, 2, 9, 12, 4, 13, 0, 9, 2, 14, 6, 12, 10, 14, 5, 1, 4, 0, 9, 9, 7, 6, 10, 8, 14, 4, 3, 8, 2, 10, 5, 8, 3, 8, 12, 6, 0, 7, 12, 13, 2, 5, 14, 11, 3, 8, 12, 0, 7, 8, 6, 13, 12, 11, 7, 2, 7, 0, 5, 9, 4, 7, 1, 11, 10, 2, 6, 13, 5, 2, 9, 10, 3], [0, 1, 1, 0, 0, 1, 0, 1, 0, 0, 1, 0, 0, 0, 0, 1, 0, 1, 1, 1, 0, 0, 0, 1, 0, 0, 1, 1, 0, 0, 0, 1, 0, 1, 0, 1, 0, 0, 0, 0, 1, 0, 0, 1, 1, 0, 1, 0, 0, 1, 0, 0, 1, 1, 0, 0, 1, 0, 0, 0, 0, 1, 0, 1, 0, 0, 1, 1, 0, 0, 0, 1, 1, 1, 1, 0, 0, 0, 1, 0, 0, 0, 0, 0, 0, 0, 1, 0, 0, 0, 1, 1, 1, 1, 0, 1, 1, 1, 0, 0, 0, 1, 0, 0, 1, 1], [2, 0, 1, 1, 1, 1, 3, 3, 2, 0, 2, 0, 3, 2, 0, 1, 0, 0, 1, 1, 2, 1, 3, 1, 3, 3, 3, 0, 0, 3, 0, 1, 0, 2, 1, 2, 1, 0, 0, 2, 0, 0, 1, 3, 1, 3, 2, 3, 1, 3, 1, 0, 3, 1, 0, 1, 0, 0, 3, 0, 2, 3, 3, 2, 2, 3, 0, 2, 2, 3, 0, 0, 0, 2, 1, 2, 0, 0, 2, 3, 1, 2, 0, 1, 1, 1, 2, 1, 0, 1, 0, 2, 0, 2, 0, 1, 0, 1, 2, 3, 3, 3, 3, 2, 3, 1])
([14, 9, 13, 0, 3, 5, 13, 2, 10, 4, 11, 7, 1, 14, 12, 5, 14, 12, 13, 3, 1, 5, 8, 11, 3, 11, 8, 13, 2, 9, 7, 4, 5, 9, 8, 10, 12, 14, 2, 0, 7, 5, 9, 9, 14, 4, 4, 10, 7, 14, 6, 6, 2, 0, 8, 3, 9, 1, 8, 5, 9, 12, 3, 4, 6, 10, 8, 8, 0, 14, 10, 12, 7, 13, 2, 7, 8, 6, 5, 3, 11, 6, 13, 7, 8, 0, 1, 12, 2, 11, 5, 1, 0, 10, 4, 11, 13, 2, 9, 12, 5, 3, 2, 10, 7, 9], [0, 1, 1, 0, 1, 1, 0, 1, 0, 0, 1, 0, 0, 1, 0, 1, 0, 1, 1, 1, 0, 0, 0, 1, 0, 0, 1, 1, 0, 0, 0, 1, 0, 1, 0, 1, 1, 0, 0, 0, 1, 0, 0, 1, 0, 0, 1, 0, 0, 1, 0, 0, 1, 1, 0, 0, 1, 0, 0, 0, 0, 1, 0, 1, 0, 0, 1, 1, 0, 0, 0, 0, 1, 1, 1, 0, 0, 0, 1, 0, 0, 0, 0, 0, 0, 0, 1, 0, 0, 0, 1, 1, 1, 1, 0, 1, 1, 1, 0, 0, 0, 1, 0, 0, 1, 1], [2, 3, 1, 0, 1, 1, 2, 2, 2, 0, 1, 1, 3, 0, 3, 3, 3, 2, 3, 1, 2, 2, 0, 3, 1, 1, 2, 1, 2, 1, 3, 2, 1, 0, 1, 3, 3, 0, 2, 2, 0, 2, 2, 0, 3, 2, 2, 3, 3, 2, 3, 1, 0, 1, 0, 2, 0, 1, 3, 3, 1, 1, 3, 2, 0, 2, 2, 3, 3, 3, 3, 3, 0, 3, 1, 0, 1, 1, 2, 3, 3, 0, 3, 0, 2, 1, 2, 2, 1, 1, 3, 0, 2, 1, 1, 0, 1, 0, 0, 0, 3, 1, 0, 0, 2, 0])
([14, 13, 0, 3, 9, 5, 2, 1, 11, 10, 7, 5, 4, 14, 14, 13, 7, 12, 3, 13, 11, 3, 9, 11, 8, 8, 1, 9, 10, 13, 5, 4, 0, 8, 2, 12, 9, 4, 9, 0, 14, 2, 5, 6, 12, 10, 14, 5, 1, 4, 9, 9, 10, 7, 14, 6, 0, 8, 3, 4, 10, 6, 13, 8, 2, 5, 3, 12, 8, 8, 0, 6, 2, 7, 14, 12, 3, 5, 13, 8, 12, 11, 7, 1, 8, 12, 7, 5, 11, 2, 7, 4, 9, 7, 10, 1, 13, 6, 0, 5, 2, 11, 10, 9, 2, 3], [0, 1, 1, 0, 1, 1, 0, 1, 0, 0, 1, 0, 0, 1, 0, 1, 0, 1, 1, 1, 0, 0, 0, 1, 1, 0, 1, 1, 0, 0, 0, 1, 0, 1, 0, 1, 1, 0, 0, 0, 1, 0, 0, 1, 1, 0, 1, 0, 0, 1, 0, 0, 1, 1, 1, 0, 0, 0, 0, 0, 0, 1, 0, 1, 0, 0, 1, 0, 0, 0, 0, 1, 1, 1, 1, 0, 0, 0, 1, 0, 0, 0, 0, 0, 0, 0, 1, 0, 0, 0, 1, 1, 1, 1, 0, 1, 1, 1, 0, 0, 0, 1, 0, 0, 1, 1], [2, 0, 1, 1, 1, 1, 3, 3, 2, 0, 2, 0, 3, 2, 0, 1, 0, 0, 1, 1, 2, 1, 3, 1, 3, 3, 3, 0, 0, 3, 0, 1, 0, 2, 1, 2, 1, 0, 0, 2, 0, 0, 1, 3, 1, 3, 2, 3, 1, 3, 1, 0, 3, 1, 0, 1, 0, 0, 3, 0, 2, 3, 3, 2, 2, 3, 0, 2, 2, 3, 0, 0, 0, 2, 1, 2, 0, 0, 2, 3, 1, 2, 0, 1, 1, 1, 2, 1, 0, 1, 0, 2, 0, 2, 0, 1, 0, 1, 2, 3, 3, 3, 3, 2, 3, 1])
([0, 14, 13, 3, 3, 9, 5, 2, 4, 14, 1, 12, 7, 3, 11, 5, 12, 7, 1, 8, 8, 14, 13, 9, 5, 11, 3, 13, 11, 9, 8, 10, 4, 9, 2, 5, 9, 13, 2, 0, 12, 6, 5, 4, 0, 10, 8, 14, 14, 4, 9, 7, 9, 6, 10, 2, 13, 3, 8, 5, 8, 1, 6, 14, 4, 12, 8, 0, 12, 2, 5, 3, 8, 3, 7, 0, 7, 8, 14, 6, 11, 12, 13, 7, 1, 5, 7, 1, 9, 11, 2, 10, 10, 7, 0, 5, 4, 11, 13, 10, 6, 12, 2, 9, 10, 2], [0, 1, 1, 0, 0, 1, 0, 1, 0, 0, 1, 0, 0, 1, 0, 1, 0, 1, 1, 1, 0, 0, 0, 1, 1, 0, 1, 1, 0, 0, 0, 1, 0, 1, 0, 1, 1, 0, 0, 0, 1, 0, 0, 1, 0, 0, 1, 0, 0, 1, 0, 0, 1, 1, 0, 0, 1, 0, 0, 0, 0, 1, 0, 1, 0, 0, 1, 1, 0, 0, 0, 1, 1, 1, 1, 0, 0, 0, 1, 0, 0, 0, 0, 0, 0, 0, 1, 0, 0, 0, 1, 1, 1, 1, 0, 1, 1, 1, 0, 0, 0, 1, 0, 0, 1, 1], [2, 0, 1, 1, 1, 1, 3, 3, 2, 0, 2, 0, 3, 2, 0, 1, 0, 0, 1, 1, 2, 1, 3, 1, 3, 3, 3, 0, 0, 3, 0, 1, 0, 2, 1, 2, 1, 0, 0, 2, 0, 0, 1, 3, 1, 3, 2, 3, 1, 3, 1, 0, 3, 1, 0, 1, 0, 0, 3, 0, 2, 3, 3, 2, 2, 3, 0, 2, 2, 3, 0, 0, 0, 2, 1, 2, 0, 0, 2, 3, 1, 2, 0, 1, 1, 1, 2, 1, 0, 1, 0, 2, 0, 2, 0, 1, 0, 1, 2, 3, 3, 3, 3, 2, 3, 1])
([14, 13, 0, 3, 9, 5, 1, 11, 2, 7, 10, 14, 4, 14, 12, 5, 7, 11, 3, 13, 3, 9, 13, 11, 8, 8, 1, 1, 4, 9, 5, 10, 8, 2, 5, 13, 9, 12, 4, 9, 2, 0, 14, 6, 12, 10, 14, 5, 1, 4, 9, 9, 0, 7, 13, 10, 6, 8, 14, 3, 4, 2, 8, 10, 5, 3, 6, 8, 8, 12, 7, 0, 12, 2, 13, 5, 14, 3, 8, 11, 12, 7, 6, 0, 8, 12, 11, 7, 2, 7, 0, 9, 5, 4, 7, 1, 10, 11, 2, 6, 5, 13, 9, 10, 2, 3], [1, 1, 1, 0, 1, 1, 0, 1, 0, 0, 1, 0, 0, 1, 0, 1, 0, 1, 1, 1, 0, 0, 0, 1, 1, 0, 1, 1, 0, 0, 1, 1, 0, 1, 0, 1, 1, 0, 0, 0, 1, 0, 0, 1, 1, 0, 1, 0, 0, 1, 0, 0, 1, 1, 0, 0, 1, 0, 0, 0, 0, 1, 0, 1, 0, 0, 1, 1, 0, 0, 0, 0, 1, 1, 1, 0, 0, 0, 1, 0, 0, 0, 0, 0, 0, 0, 1, 0, 0, 0, 1, 1, 1, 1, 0, 1, 1, 1, 0, 0, 0, 1, 0, 0, 1, 1], [2, 0, 1, 1, 1, 1, 3, 3, 2, 0, 2, 0, 3, 2, 0, 1, 0, 0, 1, 1, 2, 1, 3, 1, 3, 3, 3, 0, 0, 3, 0, 1, 0, 2, 1, 2, 1, 0, 0, 2, 0, 0, 1, 3, 1, 3, 2, 3, 1, 3, 1, 0, 3, 1, 0, 1, 0, 0, 3, 0, 2, 3, 3, 2, 2, 3, 0, 2, 2, 3, 0, 0, 0, 2, 1, 2, 0, 0, 2, 3, 1, 2, 0, 1, 1, 1, 2, 1, 0, 1, 0, 2, 0, 2, 0, 1, 0, 1, 2, 3, 3, 3, 3, 2, 3, 1])
([0, 14, 13, 3, 3, 9, 5, 4, 2, 14, 1, 12, 11, 3, 5, 12, 7, 1, 8, 8, 14, 7, 13, 9, 5, 3, 13, 9, 11, 11, 8, 10, 4, 9, 2, 5, 7, 9, 13, 2, 0, 12, 7, 6, 4, 5, 0, 10, 8, 14, 14, 4, 9, 9, 6, 2, 13, 10, 3, 8, 5, 8, 1, 6, 14, 12, 8, 7, 4, 7, 0, 12, 2, 5, 7, 3, 8, 3, 0, 8, 14, 6, 11, 12, 13, 1, 5, 1, 11, 10, 9, 10, 2, 0, 4, 11, 10, 5, 13, 6, 12, 2, 9, 10, 2, 7], [0, 1, 1, 0, 1, 1, 0, 1, 0, 0, 1, 1, 1, 1, 0, 1, 0, 1, 1, 1, 0, 0, 0, 1, 0, 0, 1, 1, 0, 0, 1, 1, 0, 1, 0, 1, 1, 0, 0, 0, 1, 0, 0, 1, 0, 0, 1, 0, 0, 1, 0, 0, 1, 1, 0, 0, 1, 0, 0, 0, 0, 1, 0, 1, 0, 0, 1, 1, 0, 0, 0, 0, 1, 1, 1, 0, 0, 0, 1, 0, 0, 0, 0, 0, 0, 0, 1, 0, 0, 0, 1, 1, 1, 1, 0, 1, 1, 1, 0, 0, 0, 1, 0, 0, 1, 1], [2, 0, 1, 1, 1, 1, 3, 3, 2, 0, 2, 0, 3, 2, 0, 1, 0, 0, 1, 1, 2, 1, 3, 1, 3, 3, 3, 0, 0, 3, 0, 1, 0, 2, 1, 2, 1, 0, 0, 2, 0, 0, 1, 3, 1, 3, 2, 3, 1, 3, 1, 0, 3, 1, 0, 1, 0, 0, 3, 0, 2, 3, 3, 2, 2, 3, 0, 2, 2, 3, 0, 0, 0, 2, 1, 2, 0, 0, 2, 3, 1, 2, 0, 1, 1, 1, 2, 1, 0, 1, 0, 2, 0, 2, 0, 1, 0, 1, 2, 3, 3, 3, 3, 2, 3, 1])
([14, 13, 0, 3, 13, 9, 5, 1, 2, 7, 11, 10, 14, 4, 14, 12, 7, 5, 3, 13, 3, 11, 9, 11, 8, 8, 1, 1, 4, 9, 5, 10, 8, 2, 5, 9, 12, 4, 9, 13, 0, 2, 14, 6, 12, 10, 14, 5, 1, 4, 9, 9, 0, 7, 6, 10, 8, 14, 4, 3, 8, 2, 10, 5, 8, 3, 8, 12, 6, 0, 7, 12, 2, 5, 13, 14, 11, 3, 8, 12, 0, 7, 8, 6, 13, 12, 11, 7, 0, 7, 9, 2, 5, 4, 7, 1, 11, 10, 2, 6, 13, 5, 9, 2, 10, 3], [0, 1, 1, 0, 0, 1, 0, 1, 0, 0, 1, 0, 0, 0, 0, 1, 0, 1, 1, 1, 0, 0, 0, 1, 0, 0, 1, 1, 0, 0, 0, 1, 0, 1, 0, 1, 0, 0, 0, 0, 1, 0, 0, 1, 0, 0, 1, 0, 0, 1, 0, 0, 1, 1, 0, 0, 1, 0, 0, 0, 0, 1, 0, 1, 1, 0, 1, 1, 0, 0, 0, 1, 1, 1, 1, 0, 0, 0, 1, 0, 0, 0, 0, 0, 0, 0, 1, 0, 0, 0, 1, 1, 1, 1, 0, 1, 1, 1, 0, 0, 0, 1, 0, 0, 1, 1], [2, 0, 1, 1, 1, 1, 3, 3, 2, 0, 2, 0, 3, 2, 0, 1, 0, 0, 1, 1, 2, 1, 3, 1, 3, 3, 3, 0, 0, 3, 0, 1, 0, 2, 1, 2, 1, 0, 0, 2, 0, 0, 1, 3, 1, 3, 2, 3, 1, 3, 1, 0, 3, 1, 0, 1, 0, 0, 3, 0, 2, 3, 3, 2, 2, 3, 0, 2, 2, 3, 0, 0, 0, 2, 1, 2, 0, 0, 2, 3, 1, 2, 0, 1, 1, 1, 2, 1, 0, 1, 0, 2, 0, 2, 0, 1, 0, 1, 2, 3, 3, 3, 3, 2, 3, 1])
([14, 13, 0, 3, 5, 9, 13, 1, 7, 2, 4, 14, 11, 12, 14, 5, 7, 3, 13, 3, 9, 10, 8, 8, 1, 9, 4, 1, 11, 11, 5, 12, 8, 2, 5, 9, 4, 0, 9, 13, 12, 2, 14, 6, 10, 5, 14, 0, 1, 4, 9, 9, 6, 7, 10, 8, 12, 14, 3, 4, 8, 2, 6, 0, 3, 5, 12, 8, 8, 7, 12, 3, 2, 13, 5, 14, 0, 8, 12, 6, 7, 8, 11, 13, 5, 10, 7, 2, 11, 7, 5, 4, 9, 7, 10, 11, 1, 10, 2, 6, 0, 13, 2, 10, 9, 3], [0, 1, 1, 0, 1, 1, 0, 1, 0, 0, 1, 1, 1, 1, 0, 1, 0, 1, 1, 1, 0, 0, 0, 1, 0, 0, 1, 1, 0, 0, 1, 1, 0, 1, 0, 1, 1, 0, 0, 0, 1, 0, 0, 1, 1, 0, 1, 0, 0, 1, 0, 0, 1, 1, 1, 0, 1, 0, 0, 0, 0, 1, 0, 1, 0, 0, 1, 1, 0, 0, 0, 1, 1, 1, 1, 0, 0, 0, 1, 0, 0, 0, 0, 0, 0, 0, 1, 0, 0, 0, 1, 1, 1, 1, 0, 1, 1, 1, 0, 0, 0, 1, 0, 0, 1, 1], [2, 0, 1, 1, 1, 1, 3, 3, 2, 0, 2, 0, 3, 2, 0, 1, 0, 0, 1, 1, 2, 1, 3, 1, 3, 3, 3, 0, 0, 3, 0, 1, 0, 2, 1, 2, 1, 0, 0, 2, 0, 0, 1, 3, 1, 3, 2, 3, 1, 3, 1, 0, 3, 1, 0, 1, 0, 0, 3, 0, 2, 3, 3, 2, 2, 3, 0, 2, 2, 3, 0, 0, 0, 2, 1, 2, 0, 0, 2, 3, 1, 2, 0, 1, 1, 1, 2, 1, 0, 1, 0, 2, 0, 2, 0, 1, 0, 1, 2, 3, 3, 3, 3, 2, 3, 1])
([0, 14, 13, 3, 3, 9, 5, 4, 2, 14, 1, 12, 11, 3, 5, 12, 7, 1, 8, 8, 14, 7, 13, 9, 5, 3, 13, 9, 11, 11, 8, 10, 4, 9, 2, 5, 7, 9, 13, 2, 0, 12, 7, 6, 4, 5, 0, 10, 8, 14, 14, 4, 9, 9, 6, 2, 13, 10, 3, 8, 5, 8, 1, 6, 14, 12, 8, 7, 4, 7, 0, 12, 2, 5, 7, 3, 8, 3, 0, 8, 14, 6, 11, 12, 13, 1, 5, 1, 11, 10, 9, 10, 2, 0, 4, 11, 10, 5, 13, 6, 12, 2, 9, 10, 2, 7], [0, 1, 1, 0, 1, 1, 0, 1, 0, 0, 1, 1, 1, 1, 0, 1, 0, 1, 1, 1, 0, 0, 0, 1, 0, 0, 1, 1, 0, 0, 1, 1, 0, 1, 0, 1, 1, 0, 0, 0, 1, 0, 0, 1, 0, 0, 1, 0, 0, 1, 0, 0, 1, 1, 0, 0, 1, 0, 0, 0, 0, 1, 0, 1, 0, 0, 1, 1, 0, 0, 0, 1, 1, 1, 1, 0, 0, 0, 1, 0, 0, 0, 0, 0, 0, 0, 1, 0, 0, 0, 1, 1, 1, 1, 0, 1, 1, 1, 0, 0, 0, 1, 0, 0, 1, 1], [2, 0, 1, 1, 1, 1, 3, 3, 2, 0, 2, 0, 3, 2, 0, 1, 0, 0, 1, 1, 2, 1, 3, 1, 3, 3, 3, 0, 0, 3, 0, 1, 0, 2, 1, 2, 1, 0, 0, 2, 0, 0, 1, 3, 1, 3, 2, 3, 1, 3, 1, 0, 3, 1, 0, 1, 0, 0, 3, 0, 2, 3, 3, 2, 2, 3, 0, 2, 2, 3, 0, 0, 0, 2, 1, 2, 0, 0, 2, 3, 1, 2, 0, 1, 1, 1, 2, 1, 0, 1, 0, 2, 0, 2, 0, 1, 0, 1, 2, 3, 3, 3, 3, 2, 3, 1])
([14, 13, 0, 3, 5, 9, 13, 1, 7, 2, 10, 11, 14, 4, 14, 5, 7, 12, 3, 13, 3, 11, 9, 11, 8, 8, 1, 9, 4, 1, 5, 10, 8, 2, 12, 9, 4, 5, 9, 13, 0, 2, 14, 6, 12, 10, 14, 5, 1, 4, 9, 9, 6, 0, 7, 8, 10, 14, 3, 4, 2, 8, 6, 10, 3, 5, 12, 8, 8, 0, 7, 12, 2, 13, 3, 14, 5, 11, 8, 12, 6, 0, 7, 8, 13, 12, 11, 7, 2, 0, 7, 5, 4, 9, 7, 11, 1, 10, 2, 6, 5, 13, 10, 2, 9, 3], [1, 1, 0, 0, 0, 1, 0, 1, 0, 1, 1, 1, 0, 1, 0, 1, 0, 1, 1, 1, 0, 0, 0, 1, 0, 0, 1, 1, 0, 0, 0, 1, 0, 1, 0, 1, 1, 0, 0, 0, 1, 0, 0, 1, 0, 0, 1, 0, 0, 0, 0, 0, 1, 1, 0, 0, 1, 0, 0, 0, 0, 1, 0, 1, 0, 0, 1, 1, 0, 0, 0, 1, 1, 1, 1, 0, 0, 0, 1, 0, 0, 0, 0, 0, 0, 0, 1, 0, 0, 0, 1, 1, 1, 1, 0, 1, 1, 1, 0, 0, 0, 1, 0, 0, 1, 1], [2, 0, 1, 1, 1, 1, 3, 3, 2, 0, 2, 0, 3, 2, 0, 1, 0, 0, 1, 1, 2, 1, 3, 1, 3, 3, 3, 0, 0, 3, 0, 1, 0, 2, 1, 2, 1, 0, 0, 2, 0, 0, 1, 3, 1, 3, 2, 3, 1, 3, 1, 0, 3, 1, 0, 1, 0, 0, 3, 0, 2, 3, 3, 2, 2, 3, 0, 2, 2, 3, 0, 0, 0, 2, 1, 2, 0, 0, 2, 3, 1, 2, 0, 1, 1, 1, 2, 1, 0, 1, 0, 2, 0, 2, 0, 1, 0, 1, 2, 3, 3, 3, 3, 2, 3, 1])
([14, 13, 0, 3, 13, 9, 5, 1, 2, 7, 11, 10, 14, 4, 14, 12, 7, 5, 3, 13, 3, 11, 9, 11, 8, 8, 1, 1, 4, 9, 5, 10, 8, 2, 5, 9, 12, 4, 9, 13, 0, 2, 14, 6, 12, 10, 14, 5, 1, 4, 9, 9, 0, 7, 6, 10, 8, 14, 4, 3, 8, 2, 10, 5, 8, 3, 8, 12, 6, 0, 7, 12, 2, 5, 13, 14, 11, 3, 8, 12, 0, 7, 8, 6, 13, 12, 11, 7, 0, 7, 9, 2, 5, 4, 7, 1, 11, 10, 2, 6, 13, 5, 9, 2, 10, 3], [1, 1, 1, 0, 0, 1, 0, 1, 0, 0, 1, 0, 0, 0, 0, 1, 0, 1, 1, 1, 0, 0, 0, 1, 0, 0, 1, 1, 0, 0, 0, 1, 0, 1, 0, 1, 0, 0, 0, 0, 1, 0, 0, 1, 0, 0, 1, 0, 0, 1, 0, 0, 1, 1, 0, 0, 1, 0, 0, 0, 0, 1, 0, 1, 1, 0, 1, 1, 0, 0, 0, 1, 1, 1, 1, 0, 0, 0, 1, 0, 0, 0, 0, 0, 0, 0, 1, 0, 0, 0, 1, 1, 1, 1, 0, 1, 1, 1, 0, 0, 0, 1, 0, 0, 1, 1], [2, 0, 1, 1, 1, 1, 3, 3, 2, 0, 2, 0, 3, 2, 0, 1, 0, 0, 1, 1, 2, 1, 3, 1, 3, 3, 3, 0, 0, 3, 0, 1, 0, 2, 1, 2, 1, 0, 0, 2, 0, 0, 1, 3, 1, 3, 2, 3, 1, 3, 1, 0, 3, 1, 0, 1, 0, 0, 3, 0, 2, 3, 3, 2, 2, 3, 0, 2, 2, 3, 0, 0, 0, 2, 1, 2, 0, 0, 2, 3, 1, 2, 0, 1, 1, 1, 2, 1, 0, 1, 0, 2, 0, 2, 0, 1, 0, 1, 2, 3, 3, 3, 3, 2, 3, 1])
([14, 13, 0, 3, 13, 9, 5, 1, 11, 2, 7, 10, 14, 4, 14, 12, 7, 5, 3, 13, 3, 11, 9, 11, 8, 8, 1, 1, 4, 9, 5, 10, 8, 2, 5, 9, 12, 4, 9, 13, 2, 0, 14, 6, 12, 10, 14, 5, 1, 4, 9, 9, 0, 7, 10, 6, 8, 14, 4, 3, 2, 8, 10, 5, 6, 8, 3, 8, 12, 0, 7, 12, 2, 5, 14, 13, 3, 8, 11, 12, 6, 0, 7, 8, 13, 12, 11, 7, 2, 0, 7, 9, 5, 4, 7, 1, 10, 11, 2, 6, 13, 5, 9, 10, 3, 2], [1, 1, 0, 0, 0, 1, 0, 1, 0, 1, 1, 1, 0, 1, 0, 1, 0, 1, 1, 1, 0, 0, 0, 1, 0, 0, 1, 1, 0, 0, 0, 1, 0, 1, 0, 1, 0, 0, 0, 0, 1, 0, 0, 1, 0, 0, 1, 0, 0, 1, 0, 0, 1, 1, 0, 0, 1, 0, 0, 0, 0, 1, 0, 1, 0, 0, 1, 1, 0, 0, 0, 1, 1, 1, 1, 0, 0, 0, 1, 0, 0, 0, 0, 0, 0, 0, 1, 0, 0, 0, 1, 1, 1, 1, 0, 1, 1, 1, 0, 0, 0, 1, 0, 0, 1, 1], [2, 0, 1, 1, 1, 1, 3, 3, 2, 0, 2, 0, 3, 2, 0, 1, 0, 0, 1, 1, 2, 1, 3, 1, 3, 3, 3, 0, 0, 3, 0, 1, 0, 2, 1, 2, 1, 0, 0, 2, 0, 0, 1, 3, 1, 3, 2, 3, 1, 3, 1, 0, 3, 1, 0, 1, 0, 0, 3, 0, 2, 3, 3, 2, 2, 3, 0, 2, 2, 3, 0, 0, 0, 2, 1, 2, 0, 0, 2, 3, 1, 2, 0, 1, 1, 1, 2, 1, 0, 1, 0, 2, 0, 2, 0, 1, 0, 1, 2, 3, 3, 3, 3, 2, 3, 1])
([14, 9, 13, 0, 3, 5, 13, 2, 10, 4, 11, 7, 1, 14, 12, 5, 14, 12, 13, 3, 1, 5, 8, 11, 3, 11, 8, 13, 2, 9, 7, 4, 5, 9, 8, 10, 12, 14, 2, 0, 7, 5, 9, 9, 14, 4, 4, 10, 7, 14, 6, 6, 2, 0, 8, 3, 9, 1, 8, 5, 9, 12, 3, 4, 6, 10, 8, 8, 0, 14, 10, 12, 7, 13, 2, 7, 8, 6, 5, 3, 11, 6, 13, 7, 8, 0, 1, 12, 2, 11, 5, 1, 0, 10, 4, 11, 13, 2, 9, 12, 5, 3, 2, 10, 7, 9], [0, 1, 1, 0, 0, 1, 0, 1, 0, 0, 1, 0, 0, 1, 0, 1, 0, 1, 1, 1, 0, 0, 0, 1, 0, 0, 1, 1, 0, 0, 0, 1, 0, 1, 0, 1, 1, 0, 0, 0, 1, 0, 0, 1, 0, 0, 1, 0, 0, 1, 0, 0, 1, 1, 0, 0, 1, 0, 0, 0, 0, 1, 0, 1, 0, 0, 1, 1, 0, 0, 0, 0, 1, 1, 1, 0, 0, 0, 1, 0, 0, 0, 0, 0, 0, 0, 1, 0, 0, 0, 1, 1, 1, 1, 0, 1, 1, 1, 0, 0, 0, 1, 0, 0, 1, 1], [2, 3, 1, 0, 1, 1, 2, 2, 2, 0, 1, 1, 3, 0, 3, 3, 3, 2, 3, 1, 2, 2, 0, 3, 1, 1, 2, 1, 2, 1, 3, 2, 1, 0, 1, 3, 3, 0, 2, 2, 0, 2, 2, 0, 3, 2, 2, 3, 3, 2, 3, 1, 0, 1, 0, 2, 0, 1, 3, 3, 1, 1, 3, 2, 0, 2, 2, 3, 3, 3, 3, 3, 0, 3, 1, 0, 1, 1, 2, 3, 3, 0, 3, 0, 2, 1, 2, 2, 1, 1, 3, 0, 2, 1, 1, 0, 1, 0, 0, 0, 3, 1, 0, 0, 2, 0])
([0, 14, 13, 3, 9, 5, 10, 2, 4, 14, 1, 12, 7, 5, 11, 3, 3, 7, 1, 9, 8, 14, 13, 8, 4, 11, 9, 13, 11, 5, 10, 8, 5, 9, 2, 12, 4, 13, 2, 9, 0, 6, 12, 10, 5, 4, 9, 14, 14, 9, 0, 7, 10, 6, 8, 2, 13, 4, 3, 8, 10, 1, 5, 14, 6, 8, 3, 8, 12, 2, 0, 12, 5, 3, 7, 8, 7, 12, 14, 6, 11, 0, 13, 7, 1, 8, 7, 1, 12, 11, 2, 0, 9, 7, 5, 4, 10, 11, 13, 6, 5, 9, 2, 10, 3, 2], [0, 1, 1, 0, 0, 1, 0, 1, 0, 0, 1, 0, 0, 1, 0, 1, 0, 1, 1, 1, 0, 0, 0, 1, 1, 0, 1, 1, 0, 0, 1, 1, 0, 1, 0, 1, 1, 0, 0, 0, 1, 0, 0, 1, 1, 0, 1, 0, 0, 1, 0, 0, 1, 1, 0, 0, 1, 0, 0, 0, 0, 1, 0, 1, 0, 0, 1, 1, 0, 0, 0, 1, 1, 1, 1, 0, 0, 0, 1, 0, 0, 0, 0, 0, 0, 0, 1, 0, 0, 0, 1, 1, 1, 1, 0, 1, 1, 1, 0, 0, 0, 1, 0, 0, 1, 1], [2, 0, 1, 1, 1, 1, 3, 3, 2, 0, 2, 0, 3, 2, 0, 1, 0, 0, 1, 1, 2, 1, 3, 1, 3, 3, 3, 0, 0, 3, 0, 1, 0, 2, 1, 2, 1, 0, 0, 2, 0, 0, 1, 3, 1, 3, 2, 3, 1, 3, 1, 0, 3, 1, 0, 1, 0, 0, 3, 0, 2, 3, 3, 2, 2, 3, 0, 2, 2, 3, 0, 0, 0, 2, 1, 2, 0, 0, 2, 3, 1, 2, 0, 1, 1, 1, 2, 1, 0, 1, 0, 2, 0, 2, 0, 1, 0, 1, 2, 3, 3, 3, 3, 2, 3, 1])
([14, 13, 0, 5, 3, 13, 1, 3, 4, 9, 2, 12, 7, 5, 11, 3, 12, 14, 14, 8, 8, 7, 13, 11, 3, 9, 11, 1, 1, 8, 5, 10, 4, 9, 2, 5, 9, 9, 13, 12, 0, 5, 2, 4, 14, 10, 8, 6, 14, 4, 1, 9, 9, 7, 10, 3, 0, 8, 8, 6, 14, 2, 12, 8, 4, 5, 6, 0, 12, 3, 8, 5, 7, 3, 2, 13, 14, 8, 11, 7, 0, 12, 6, 13, 11, 5, 7, 2, 7, 9, 0, 10, 10, 7, 1, 5, 4, 11, 2, 10, 2, 6, 13, 12, 10, 9], [0, 1, 1, 0, 0, 1, 0, 1, 0, 0, 1, 0, 0, 1, 0, 1, 0, 1, 1, 1, 0, 0, 0, 1, 0, 0, 1, 1, 0, 0, 0, 1, 0, 1, 0, 1, 0, 0, 0, 0, 1, 0, 0, 1, 0, 0, 1, 0, 0, 1, 0, 0, 1, 1, 0, 0, 1, 0, 0, 0, 0, 1, 0, 1, 0, 0, 1, 1, 0, 0, 0, 0, 1, 1, 1, 0, 0, 0, 1, 0, 0, 0, 0, 0, 0, 0, 1, 0, 0, 0, 1, 1, 1, 1, 0, 1, 1, 1, 0, 0, 0, 1, 0, 0, 1, 1], [2, 0, 1, 1, 1, 1, 3, 3, 2, 0, 2, 0, 3, 2, 0, 1, 0, 0, 1, 1, 2, 1, 3, 1, 3, 3, 3, 0, 0, 3, 0, 1, 0, 2, 1, 2, 1, 0, 0, 2, 0, 0, 1, 3, 1, 3, 2, 3, 1, 3, 1, 0, 3, 1, 0, 1, 0, 0, 3, 0, 2, 3, 3, 2, 2, 3, 0, 2, 2, 3, 0, 0, 0, 2, 1, 2, 0, 0, 2, 3, 1, 2, 0, 1, 1, 1, 2, 1, 0, 1, 0, 2, 0, 2, 0, 1, 0, 1, 2, 3, 3, 3, 3, 2, 3, 1])
([14, 13, 0, 3, 13, 9, 5, 1, 2, 7, 11, 10, 14, 4, 14, 12, 7, 5, 3, 13, 3, 11, 9, 11, 8, 8, 1, 1, 4, 9, 5, 10, 8, 2, 5, 9, 12, 4, 9, 13, 0, 2, 14, 6, 12, 10, 14, 5, 1, 4, 9, 9, 0, 7, 6, 10, 8, 14, 4, 3, 8, 2, 10, 5, 8, 3, 8, 12, 6, 0, 7, 12, 2, 5, 13, 14, 11, 3, 8, 12, 0, 7, 8, 6, 13, 12, 11, 7, 0, 7, 9, 2, 5, 4, 7, 1, 11, 10, 2, 6, 13, 5, 9, 2, 10, 3], [1, 1, 1, 0, 0, 1, 0, 1, 0, 0, 1, 0, 0, 0, 0, 1, 0, 1, 1, 1, 0, 0, 0, 1, 0, 0, 1, 1, 0, 0, 0, 1, 0, 1, 0, 1, 0, 0, 0, 0, 1, 0, 0, 1, 0, 0, 1, 0, 0, 1, 0, 0, 1, 1, 0, 0, 1, 0, 0, 0, 0, 1, 0, 1, 0, 0, 1, 1, 0, 0, 0, 1, 1, 1, 1, 0, 0, 0, 1, 0, 0, 0, 0, 0, 0, 0, 1, 0, 0, 0, 1, 1, 1, 1, 0, 1, 1, 1, 0, 0, 0, 1, 0, 0, 1, 1], [2, 0, 1, 1, 1, 1, 3, 3, 2, 0, 2, 0, 3, 2, 0, 1, 0, 0, 1, 1, 2, 1, 3, 1, 3, 3, 3, 0, 0, 3, 0, 1, 0, 2, 1, 2, 1, 0, 0, 2, 0, 0, 1, 3, 1, 3, 2, 3, 1, 3, 1, 0, 3, 1, 0, 1, 0, 0, 3, 0, 2, 3, 3, 2, 2, 3, 0, 2, 2, 3, 0, 0, 0, 2, 1, 2, 0, 0, 2, 3, 1, 2, 0, 1, 1, 1, 2, 1, 0, 1, 0, 2, 0, 2, 0, 1, 0, 1, 2, 3, 3, 3, 3, 2, 3, 1])
([14, 13, 0, 3, 13, 9, 5, 1, 11, 2, 7, 10, 14, 4, 14, 12, 7, 5, 3, 13, 3, 11, 9, 11, 8, 8, 1, 9, 4, 1, 5, 10, 2, 5, 8, 9, 12, 4, 9, 13, 6, 2, 0, 14, 12, 10, 14, 5, 1, 4, 6, 9, 9, 10, 7, 0, 14, 3, 8, 4, 6, 2, 10, 5, 3, 8, 12, 0, 7, 8, 8, 12, 2, 5, 3, 13, 14, 11, 8, 6, 12, 0, 7, 8, 13, 12, 11, 7, 2, 7, 10, 0, 5, 9, 7, 4, 1, 11, 2, 13, 5, 6, 10, 3, 9, 2], [0, 1, 1, 0, 0, 1, 0, 1, 0, 0, 1, 0, 0, 1, 0, 1, 0, 1, 1, 1, 0, 0, 0, 1, 0, 0, 1, 1, 0, 0, 0, 1, 0, 1, 0, 1, 1, 0, 0, 0, 1, 0, 0, 1, 1, 0, 1, 0, 0, 1, 0, 0, 1, 1, 0, 0, 1, 0, 0, 0, 0, 1, 0, 1, 0, 0, 1, 1, 0, 0, 0, 1, 1, 1, 1, 0, 0, 0, 1, 0, 0, 0, 0, 0, 0, 0, 1, 0, 0, 0, 1, 1, 1, 1, 0, 1, 1, 1, 0, 0, 0, 1, 0, 0, 1, 1], [2, 0, 1, 1, 1, 1, 3, 3, 2, 0, 2, 0, 3, 2, 0, 1, 0, 0, 1, 1, 2, 1, 3, 1, 3, 3, 3, 0, 0, 3, 0, 1, 0, 2, 1, 2, 1, 0, 0, 2, 0, 0, 1, 3, 1, 3, 2, 3, 1, 3, 1, 0, 3, 1, 0, 1, 0, 0, 3, 0, 2, 3, 3, 2, 2, 3, 0, 2, 2, 3, 0, 0, 0, 2, 1, 2, 0, 0, 2, 3, 1, 2, 0, 1, 1, 1, 2, 1, 0, 1, 0, 2, 0, 2, 0, 1, 0, 1, 2, 3, 3, 3, 3, 2, 3, 1])
([14, 13, 0, 3, 13, 9, 5, 11, 1, 2, 7, 10, 14, 4, 14, 12, 11, 7, 5, 3, 13, 3, 9, 11, 8, 8, 1, 1, 4, 9, 5, 10, 8, 2, 5, 9, 12, 4, 9, 13, 0, 2, 14, 6, 12, 10, 14, 5, 1, 4, 9, 9, 0, 7, 6, 10, 8, 14, 4, 3, 8, 2, 10, 5, 8, 3, 8, 12, 6, 0, 7, 12, 2, 5, 13, 14, 3, 8, 12, 11, 0, 7, 8, 6, 13, 12, 11, 7, 0, 7, 9, 2, 5, 4, 7, 1, 11, 10, 2, 6, 13, 5, 9, 2, 10, 3], [0, 1, 1, 0, 0, 1, 0, 1, 0, 0, 1, 0, 0, 0, 0, 1, 0, 1, 1, 1, 0, 0, 0, 1, 0, 0, 1, 1, 0, 0, 0, 1, 0, 1, 0, 1, 0, 0, 0, 0, 1, 0, 0, 1, 0, 0, 1, 0, 0, 1, 0, 0, 1, 1, 0, 0, 1, 0, 0, 0, 0, 1, 0, 1, 0, 0, 1, 1, 0, 0, 0, 0, 1, 1, 1, 0, 0, 0, 1, 0, 0, 0, 0, 0, 0, 0, 1, 0, 0, 0, 1, 1, 1, 1, 0, 1, 1, 1, 0, 0, 0, 1, 0, 0, 1, 1], [2, 0, 1, 1, 1, 1, 3, 3, 2, 0, 2, 0, 3, 2, 0, 1, 0, 0, 1, 1, 2, 1, 3, 1, 3, 3, 3, 0, 0, 3, 0, 1, 0, 2, 1, 2, 1, 0, 0, 2, 0, 0, 1, 3, 1, 3, 2, 3, 1, 3, 1, 0, 3, 1, 0, 1, 0, 0, 3, 0, 2, 3, 3, 2, 2, 3, 0, 2, 2, 3, 0, 0, 0, 2, 1, 2, 0, 0, 2, 3, 1, 2, 0, 1, 1, 1, 2, 1, 0, 1, 0, 2, 0, 2, 0, 1, 0, 1, 2, 3, 3, 3, 3, 2, 3, 1])
([14, 13, 0, 3, 13, 9, 5, 1, 11, 2, 7, 10, 14, 4, 14, 12, 7, 5, 3, 13, 3, 11, 9, 11, 8, 8, 1, 1, 4, 9, 5, 10, 8, 2, 5, 9, 12, 4, 9, 13, 2, 0, 14, 6, 12, 10, 14, 5, 1, 4, 9, 9, 0, 7, 10, 6, 8, 14, 4, 3, 2, 8, 10, 5, 6, 8, 3, 8, 12, 0, 7, 12, 2, 5, 14, 13, 3, 8, 11, 12, 6, 0, 7, 8, 13, 12, 11, 7, 2, 0, 7, 9, 5, 4, 7, 1, 10, 11, 2, 6, 13, 5, 9, 10, 3, 2], [1, 1, 0, 0, 0, 1, 0, 1, 0, 1, 1, 1, 0, 1, 0, 1, 0, 1, 1, 1, 0, 0, 0, 1, 0, 0, 1, 1, 0, 0, 0, 1, 0, 1, 0, 1, 0, 0, 0, 0, 1, 0, 0, 1, 0, 0, 1, 0, 0, 1, 0, 0, 1, 1, 0, 0, 1, 0, 0, 0, 0, 1, 0, 1, 1, 0, 1, 1, 0, 0, 0, 1, 1, 1, 1, 0, 0, 0, 1, 0, 0, 0, 0, 0, 0, 0, 1, 0, 0, 0, 1, 1, 1, 1, 0, 1, 1, 1, 0, 0, 0, 1, 0, 0, 1, 1], [2, 0, 1, 1, 1, 1, 3, 3, 2, 0, 2, 0, 3, 2, 0, 1, 0, 0, 1, 1, 2, 1, 3, 1, 3, 3, 3, 0, 0, 3, 0, 1, 0, 2, 1, 2, 1, 0, 0, 2, 0, 0, 1, 3, 1, 3, 2, 3, 1, 3, 1, 0, 3, 1, 0, 1, 0, 0, 3, 0, 2, 3, 3, 2, 2, 3, 0, 2, 2, 3, 0, 0, 0, 2, 1, 2, 0, 0, 2, 3, 1, 2, 0, 1, 1, 1, 2, 1, 0, 1, 0, 2, 0, 2, 0, 1, 0, 1, 2, 3, 3, 3, 3, 2, 3, 1])
([14, 13, 0, 3, 13, 9, 5, 2, 11, 10, 1, 7, 14, 12, 14, 4, 7, 5, 3, 13, 3, 11, 12, 11, 8, 8, 1, 9, 5, 9, 5, 10, 8, 4, 9, 2, 4, 9, 12, 13, 6, 0, 2, 14, 10, 14, 5, 4, 6, 9, 9, 0, 1, 6, 7, 8, 12, 14, 3, 10, 2, 8, 10, 3, 12, 4, 8, 8, 5, 7, 2, 0, 5, 6, 3, 13, 14, 8, 11, 12, 1, 2, 8, 7, 13, 1, 11, 7, 0, 7, 4, 9, 5, 0, 7, 10, 5, 11, 2, 6, 13, 10, 12, 3, 9, 2], [0, 1, 1, 0, 1, 1, 0, 1, 0, 0, 1, 0, 0, 1, 0, 1, 0, 1, 1, 1, 0, 0, 0, 1, 1, 0, 1, 1, 0, 0, 1, 1, 0, 1, 0, 1, 1, 0, 0, 0, 1, 0, 0, 1, 1, 0, 1, 0, 0, 1, 0, 0, 1, 1, 0, 0, 1, 0, 0, 0, 0, 1, 0, 1, 0, 0, 1, 1, 0, 0, 0, 1, 1, 1, 1, 0, 0, 0, 1, 0, 0, 0, 0, 0, 0, 0, 1, 0, 0, 0, 1, 1, 1, 1, 0, 1, 1, 1, 0, 0, 0, 1, 0, 0, 1, 0], [0, 3, 3, 2, 0, 0, 1, 0, 0, 3, 2, 2, 2, 1, 1, 0, 0, 0, 1, 2, 3, 0, 0, 2, 0, 0, 3, 1, 2, 0, 1, 2, 3, 1, 1, 2, 2, 2, 3, 0, 0, 1, 3, 2, 3, 2, 3, 0, 0, 0, 0, 3, 3, 2, 2, 3, 0, 3, 3, 0, 1, 1, 1, 2, 0, 1, 3, 2, 0, 3, 2, 1, 1, 1, 0, 1, 0, 2, 0, 1, 0, 3, 0, 3, 3, 2, 3, 2, 1, 3, 1, 0, 3, 3, 2, 3, 0, 1, 1, 3, 0, 1, 0, 3, 1, 2])
([13, 14, 0, 13, 3, 9, 5, 3, 2, 14, 1, 7, 4, 12, 11, 3, 7, 1, 8, 8, 14, 5, 13, 9, 3, 11, 9, 4, 11, 8, 5, 10, 2, 5, 9, 12, 4, 9, 13, 2, 0, 12, 5, 4, 6, 9, 9, 10, 8, 14, 14, 0, 7, 4, 6, 3, 2, 10, 8, 5, 8, 1, 0, 6, 14, 12, 7, 8, 12, 3, 2, 5, 13, 3, 12, 0, 7, 8, 13, 8, 11, 12, 14, 6, 7, 2, 1, 0, 1, 11, 7, 10, 10, 4, 10, 5, 9, 11, 7, 6, 2, 10, 13, 5, 9, 2], [0, 1, 1, 0, 0, 1, 0, 1, 0, 0, 1, 0, 0, 1, 0, 1, 0, 1, 1, 1, 0, 0, 0, 1, 1, 0, 1, 1, 0, 0, 0, 1, 0, 1, 0, 1, 0, 0, 0, 0, 1, 0, 0, 1, 0, 0, 1, 0, 0, 1, 0, 0, 1, 1, 0, 0, 1, 0, 0, 0, 0, 1, 0, 1, 0, 0, 1, 1, 0, 0, 0, 1, 1, 1, 1, 0, 0, 0, 1, 0, 0, 0, 0, 0, 0, 0, 1, 0, 0, 0, 1, 1, 1, 1, 0, 1, 1, 1, 0, 0, 0, 1, 0, 0, 1, 1], [2, 0, 1, 1, 1, 1, 3, 3, 2, 0, 2, 0, 3, 2, 0, 1, 0, 0, 1, 1, 2, 1, 3, 1, 3, 3, 3, 0, 0, 3, 0, 1, 0, 2, 1, 2, 1, 0, 0, 2, 0, 0, 1, 3, 1, 3, 2, 3, 1, 3, 1, 0, 3, 1, 0, 1, 0, 0, 3, 0, 2, 3, 3, 2, 2, 3, 0, 2, 2, 3, 0, 0, 0, 2, 1, 2, 0, 0, 2, 3, 1, 2, 0, 1, 1, 1, 2, 1, 0, 1, 0, 2, 0, 2, 0, 1, 0, 1, 2, 3, 3, 3, 3, 2, 3, 1])
([0, 14, 13, 5, 3, 9, 2, 3, 4, 14, 1, 12, 7, 5, 11, 3, 12, 7, 1, 8, 8, 14, 13, 9, 3, 11, 13, 9, 11, 8, 5, 10, 4, 9, 1, 5, 2, 9, 13, 12, 5, 2, 4, 6, 0, 10, 8, 14, 14, 4, 7, 9, 9, 10, 6, 3, 13, 8, 8, 1, 14, 12, 8, 4, 5, 2, 6, 0, 12, 3, 8, 5, 2, 3, 7, 0, 7, 8, 14, 11, 12, 0, 6, 7, 13, 5, 7, 2, 1, 11, 9, 10, 10, 7, 0, 5, 4, 11, 13, 6, 10, 2, 9, 12, 10, 2], [0, 1, 1, 0, 0, 1, 0, 1, 0, 0, 1, 0, 0, 1, 0, 1, 0, 1, 1, 1, 0, 0, 0, 1, 1, 0, 1, 1, 0, 0, 0, 1, 0, 1, 0, 1, 1, 0, 0, 0, 1, 0, 0, 1, 0, 0, 1, 0, 0, 0, 0, 0, 1, 1, 0, 0, 1, 0, 0, 0, 0, 1, 0, 1, 0, 0, 1, 1, 0, 0, 0, 1, 1, 1, 1, 0, 0, 0, 1, 0, 0, 0, 0, 0, 0, 0, 1, 0, 0, 0, 1, 1, 1, 1, 0, 1, 1, 1, 0, 0, 0, 1, 0, 0, 1, 1], [2, 0, 1, 1, 1, 1, 3, 3, 2, 0, 2, 0, 3, 2, 0, 1, 0, 0, 1, 1, 2, 1, 3, 1, 3, 3, 3, 0, 0, 3, 0, 1, 0, 2, 1, 2, 1, 0, 0, 2, 0, 0, 1, 3, 1, 3, 2, 3, 1, 3, 1, 0, 3, 1, 0, 1, 0, 0, 3, 0, 2, 3, 3, 2, 2, 3, 0, 2, 2, 3, 0, 0, 0, 2, 1, 2, 0, 0, 2, 3, 1, 2, 0, 1, 1, 1, 2, 1, 0, 1, 0, 2, 0, 2, 0, 1, 0, 1, 2, 3, 3, 3, 3, 2, 3, 1])
([14, 13, 0, 3, 13, 9, 5, 1, 11, 2, 7, 10, 14, 4, 14, 12, 7, 5, 3, 13, 3, 11, 9, 11, 8, 8, 1, 9, 4, 1, 5, 10, 8, 2, 5, 9, 12, 4, 9, 13, 2, 0, 14, 6, 12, 10, 14, 5, 1, 4, 9, 9, 6, 10, 7, 8, 0, 14, 3, 4, 2, 8, 6, 10, 5, 3, 12, 8, 8, 0, 7, 12, 2, 5, 3, 13, 14, 8, 11, 12, 6, 0, 8, 7, 13, 12, 11, 7, 2, 7, 10, 0, 5, 9, 7, 4, 1, 11, 2, 6, 13, 5, 10, 3, 9, 2], [1, 1, 0, 0, 0, 1, 0, 1, 0, 1, 1, 1, 0, 1, 0, 1, 0, 1, 1, 1, 0, 0, 0, 1, 0, 0, 1, 1, 0, 0, 0, 1, 0, 1, 0, 1, 1, 0, 0, 0, 1, 0, 0, 1, 0, 0, 1, 0, 0, 0, 0, 0, 1, 1, 0, 0, 1, 0, 0, 0, 0, 1, 0, 1, 1, 0, 1, 1, 0, 0, 0, 1, 1, 1, 1, 0, 0, 0, 1, 0, 0, 0, 0, 0, 0, 0, 1, 0, 0, 0, 1, 1, 1, 1, 0, 1, 1, 1, 0, 0, 0, 1, 0, 0, 1, 1], [2, 0, 1, 1, 1, 1, 3, 3, 2, 0, 2, 0, 3, 2, 0, 1, 0, 0, 1, 1, 2, 1, 3, 1, 3, 3, 3, 0, 0, 3, 0, 1, 0, 2, 1, 2, 1, 0, 0, 2, 0, 0, 1, 3, 1, 3, 2, 3, 1, 3, 1, 0, 3, 1, 0, 1, 0, 0, 3, 0, 2, 3, 3, 2, 2, 3, 0, 2, 2, 3, 0, 0, 0, 2, 1, 2, 0, 0, 2, 3, 1, 2, 0, 1, 1, 1, 2, 1, 0, 1, 0, 2, 0, 2, 0, 1, 0, 1, 2, 3, 3, 3, 3, 2, 3, 1])
运行时间73.74291229248047

2021-02-01 13:17:46
[{'完工时间': (135.5793237553784, 243.49090231624618, 374.4371281454212), '最大机器负荷': 178, '机器总负荷': 683}, {'完工时间': (129.7296674415502, 239.37376974935106, 357.5625455106352), '最大机器负荷': 199, '机器总负荷': 676}, {'完工时间': (123.02406907803841, 226.99647809312896, 351.99561112852257), '最大机器负荷': 178, '机器总负荷': 681}, {'完工时间': (138.0892366595512, 244.5647887882389, 365.6803454641682), '最大机器负荷': 177, '机器总负荷': 685}, {'完工时间': (126.19846300569529, 232.16268884663086, 361.8330582875008), '最大机器负荷': 179, '机器总负荷': 681}, {'完工时间': (123.52305019012924, 232.50967861575526, 350.45296148556196), '最大机器负荷': 198, '机器总负荷': 683}, {'完工时间': (130.76651554288136, 243.79822385721465, 375.3181341337105), '最大机器负荷': 178, '机器总负荷': 682}, {'完工时间': (137.60597971922016, 244.50975110227333, 364.16240391592186), '最大机器负荷': 183, '机器总负荷': 678}, {'完工时间': (126.44848679012107, 230.13797148252357, 352.7665152402302), '最大机器负荷': 178, '机器总负荷': 685}, {'完工时间': (135.43118450501478, 253.95803887459917, 375.49318929583643), '最大机器负荷': 194, '机器总负荷': 678}, {'完工时间': (128.0924442564775, 225.8046072292761, 336.90329253901854), '最大机器负荷': 198, '机器总负荷': 677}, {'完工时间': (127.74283967822858, 235.52298650226493, 368.6262663149247), '最大机器负荷': 184, '机器总负荷': 679}, {'完工时间': (136.520086987884, 250.3862602243445, 376.2479913643853), '最大机器负荷': 183, '机器总负荷': 679}, {'完工时间': (136.66642828686182, 245.6447669674003, 387.6065384391403), '最大机器负荷': 179, '机器总负荷': 680}, {'完工时间': (134.51142681919765, 249.33452541265058, 380.93968071986836), '最大机器负荷': 205, '机器总负荷': 675}, {'完工时间': (130.9917903945269, 253.63646454373162, 385.6443534659578), '最大机器负荷': 185, '机器总负荷': 677}, {'完工时间': (123.30873565487019, 234.83421789615156, 360.4915315502831), '最大机器负荷': 193, '机器总负荷': 678}, {'完工时间': (129.61160949598872, 237.8976078677136, 376.3775458348703), '最大机器负荷': 180, '机器总负荷': 680}, {'完工时间': (135.04071939927124, 247.15077508092497, 375.82820676286974), '最大机器负荷': 189, '机器总负荷': 679}]
([3, 10, 5, 8, 6, 14, 10, 13, 5, 13, 8, 11, 0, 5, 1, 0, 9, 6, 1, 3, 14, 13, 2, 13, 7, 8, 7, 3, 12, 8, 7, 4, 12, 5, 3, 6, 8, 5, 3, 14, 4, 7, 5, 9, 12, 10, 14, 11, 9, 7, 6, 8, 13, 0, 11, 14, 1, 4, 2, 4, 13, 14, 8, 5, 5, 9, 0, 8, 9, 2, 7, 12, 10, 8, 12, 11, 2, 2, 5, 4, 10, 0, 7, 6, 13, 1, 2, 1, 4, 10, 3, 7, 2, 14, 3, 11, 0, 9, 12, 9, 11, 9, 9, 12, 2, 10], [0, 0, 1, 0, 0, 1, 0, 1, 0, 1, 1, 0, 0, 1, 0, 0, 0, 1, 1, 0, 0, 0, 0, 1, 0, 0, 1, 0, 0, 0, 0, 1, 0, 1, 0, 1, 1, 0, 1, 0, 1, 0, 0, 1, 1, 0, 1, 0, 0, 1, 0, 0, 1, 1, 1, 0, 0, 1, 0, 0, 0, 1, 0, 1, 1, 0, 1, 1, 0, 0, 0, 1, 1, 0, 1, 0, 0, 0, 1, 0, 0, 0, 1, 0, 0, 0, 1, 0, 1, 1, 1, 1, 1, 1, 0, 1, 1, 1, 0, 0, 0, 1, 0, 0, 1, 1], [1, 3, 2, 2, 0, 3, 2, 0, 3, 2, 1, 3, 0, 0, 2, 3, 0, 3, 3, 1, 3, 2, 3, 3, 3, 1, 0, 2, 3, 3, 2, 1, 2, 2, 1, 1, 2, 2, 3, 0, 2, 1, 2, 2, 2, 3, 2, 1, 2, 3, 2, 3, 3, 2, 2, 1, 0, 1, 1, 3, 1, 3, 1, 0, 3, 1, 2, 3, 3, 2, 2, 2, 3, 2, 0, 0, 0, 0, 1, 3, 0, 3, 1, 2, 1, 3, 0, 0, 1, 0, 3, 3, 3, 3, 1, 0, 0, 1, 0, 0, 1, 1, 0, 3, 1, 2])
([10, 8, 2, 0, 8, 6, 5, 10, 0, 2, 11, 1, 13, 6, 2, 5, 9, 6, 8, 13, 8, 5, 1, 14, 2, 8, 6, 1, 4, 14, 3, 4, 9, 10, 8, 12, 11, 7, 14, 11, 9, 0, 5, 12, 2, 14, 13, 3, 4, 12, 13, 8, 5, 6, 4, 14, 8, 14, 13, 5, 0, 1, 7, 9, 8, 3, 7, 11, 2, 0, 9, 11, 7, 12, 3, 10, 12, 5, 10, 7, 3, 5, 4, 13, 13, 7, 2, 4, 10, 2, 5, 9, 9, 11, 7, 3, 12, 9, 14, 1, 9, 0, 7, 3, 12, 10], [0, 0, 1, 0, 0, 1, 0, 1, 0, 0, 1, 0, 0, 1, 0, 1, 0, 1, 1, 0, 0, 0, 0, 1, 0, 0, 1, 0, 0, 0, 0, 1, 0, 0, 0, 1, 0, 0, 1, 1, 1, 0, 0, 1, 1, 0, 1, 0, 0, 1, 0, 0, 1, 1, 0, 0, 0, 1, 0, 0, 0, 1, 0, 1, 0, 0, 1, 1, 0, 0, 0, 1, 1, 0, 1, 0, 0, 0, 1, 0, 0, 0, 1, 0, 0, 0, 1, 0, 0, 1, 1, 1, 1, 1, 0, 1, 1, 1, 0, 0, 0, 1, 0, 0, 1, 1], [0, 1, 1, 3, 0, 3, 0, 0, 1, 0, 0, 3, 0, 0, 3, 3, 0, 1, 3, 3, 0, 3, 1, 0, 0, 3, 0, 2, 1, 2, 0, 3, 2, 0, 3, 1, 2, 2, 1, 3, 2, 2, 2, 0, 2, 3, 0, 2, 2, 2, 0, 0, 0, 3, 2, 1, 1, 2, 3, 1, 1, 2, 0, 2, 1, 2, 1, 2, 3, 0, 2, 3, 2, 1, 0, 1, 1, 0, 0, 0, 3, 3, 2, 3, 3, 0, 1, 0, 3, 2, 2, 2, 3, 3, 3, 1, 3, 2, 2, 1, 1, 1, 2, 3, 2, 3])
([3, 10, 5, 8, 6, 14, 10, 13, 5, 13, 8, 11, 0, 5, 1, 0, 1, 6, 0, 9, 14, 7, 2, 13, 8, 7, 13, 3, 3, 8, 7, 12, 4, 5, 12, 3, 8, 5, 3, 14, 6, 0, 5, 7, 4, 14, 10, 9, 12, 6, 7, 8, 9, 13, 0, 14, 11, 1, 2, 4, 4, 14, 8, 5, 5, 13, 9, 8, 9, 2, 12, 7, 10, 8, 12, 11, 2, 2, 5, 4, 11, 10, 7, 6, 0, 2, 1, 13, 1, 4, 10, 14, 7, 2, 3, 3, 11, 9, 12, 9, 11, 9, 9, 12, 2, 10], [0, 0, 1, 0, 0, 1, 0, 1, 0, 1, 1, 0, 0, 1, 0, 1, 0, 1, 1, 0, 0, 0, 0, 1, 0, 0, 1, 0, 0, 0, 0, 1, 0, 0, 0, 1, 1, 0, 1, 0, 1, 0, 0, 1, 1, 0, 1, 0, 0, 1, 0, 0, 1, 1, 1, 0, 0, 1, 0, 0, 0, 1, 0, 1, 0, 0, 1, 1, 0, 0, 0, 1, 1, 0, 1, 0, 0, 0, 1, 0, 0, 0, 1, 0, 0, 0, 1, 0, 1, 1, 1, 1, 1, 1, 0, 1, 1, 1, 0, 0, 0, 1, 0, 0, 1, 1], [1, 3, 2, 2, 0, 3, 2, 0, 3, 2, 1, 3, 0, 0, 2, 3, 0, 3, 3, 1, 3, 2, 3, 3, 3, 1, 0, 2, 3, 3, 2, 1, 2, 2, 1, 1, 2, 2, 3, 0, 2, 1, 2, 2, 2, 3, 2, 1, 2, 3, 2, 3, 3, 2, 2, 1, 0, 1, 1, 3, 1, 3, 1, 0, 3, 1, 2, 3, 3, 2, 2, 2, 3, 2, 0, 0, 0, 0, 1, 3, 0, 3, 1, 2, 1, 3, 0, 0, 1, 0, 3, 3, 3, 3, 1, 0, 0, 1, 0, 0, 1, 1, 0, 3, 1, 2])
([3, 10, 5, 8, 6, 14, 10, 13, 5, 13, 8, 11, 0, 5, 1, 0, 9, 6, 1, 3, 14, 13, 2, 13, 8, 3, 7, 12, 7, 8, 4, 12, 7, 5, 3, 6, 8, 5, 3, 14, 4, 7, 5, 9, 12, 10, 6, 11, 9, 0, 14, 7, 8, 13, 11, 0, 14, 1, 4, 2, 4, 14, 13, 8, 5, 9, 5, 0, 9, 8, 2, 7, 10, 12, 8, 11, 12, 2, 2, 5, 10, 4, 6, 7, 13, 2, 1, 1, 4, 10, 3, 7, 2, 3, 14, 11, 0, 9, 12, 9, 11, 9, 9, 12, 2, 10], [0, 0, 1, 0, 0, 1, 0, 1, 0, 0, 1, 0, 0, 1, 0, 1, 0, 1, 1, 1, 0, 0, 0, 1, 1, 0, 1, 0, 0, 0, 0, 1, 0, 0, 0, 1, 1, 0, 1, 0, 1, 0, 0, 1, 1, 0, 1, 0, 0, 1, 0, 0, 1, 1, 0, 0, 1, 1, 0, 0, 0, 1, 0, 1, 0, 0, 1, 1, 0, 0, 0, 1, 1, 1, 1, 0, 0, 0, 0, 0, 0, 0, 1, 0, 0, 0, 1, 0, 1, 1, 1, 1, 1, 1, 0, 1, 1, 1, 0, 0, 0, 1, 0, 1, 1, 0], [1, 3, 2, 2, 0, 3, 2, 0, 3, 2, 1, 3, 0, 0, 2, 3, 0, 3, 3, 1, 3, 2, 3, 3, 3, 1, 0, 2, 3, 3, 2, 1, 2, 2, 1, 1, 2, 2, 3, 0, 2, 1, 2, 2, 2, 3, 2, 1, 2, 3, 2, 3, 3, 2, 2, 1, 0, 1, 1, 3, 1, 3, 1, 0, 3, 1, 2, 3, 3, 2, 2, 2, 3, 2, 0, 0, 0, 0, 1, 3, 0, 3, 1, 2, 1, 3, 0, 0, 1, 0, 3, 3, 3, 3, 1, 0, 0, 1, 0, 0, 1, 1, 0, 3, 1, 2])
([3, 10, 5, 8, 6, 14, 10, 13, 5, 13, 8, 11, 0, 5, 1, 0, 6, 1, 3, 9, 14, 13, 2, 13, 8, 3, 7, 12, 7, 8, 4, 12, 7, 5, 3, 6, 8, 5, 3, 14, 4, 7, 5, 9, 12, 14, 10, 6, 0, 9, 7, 8, 13, 0, 11, 14, 1, 4, 2, 4, 13, 14, 8, 5, 5, 9, 0, 8, 9, 2, 7, 12, 10, 8, 12, 11, 2, 2, 5, 4, 11, 10, 6, 7, 13, 2, 1, 1, 4, 3, 10, 14, 7, 2, 3, 0, 11, 9, 12, 9, 11, 9, 9, 12, 2, 10], [0, 0, 1, 0, 0, 1, 0, 1, 0, 1, 1, 0, 0, 1, 0, 1, 0, 1, 1, 0, 0, 0, 0, 1, 0, 0, 1, 0, 0, 0, 0, 1, 0, 0, 0, 1, 1, 0, 1, 0, 1, 0, 0, 1, 1, 0, 1, 0, 0, 1, 0, 0, 1, 1, 1, 0, 0, 1, 0, 0, 0, 1, 0, 1, 0, 0, 1, 1, 0, 0, 0, 1, 1, 0, 1, 0, 0, 0, 1, 0, 0, 0, 1, 0, 0, 0, 1, 0, 1, 1, 1, 1, 1, 1, 0, 1, 0, 1, 0, 0, 0, 1, 0, 0, 1, 1], [1, 3, 2, 2, 0, 3, 2, 0, 3, 2, 1, 3, 0, 0, 2, 3, 0, 3, 3, 1, 3, 2, 3, 3, 3, 1, 0, 2, 3, 3, 2, 1, 2, 2, 1, 1, 2, 2, 3, 0, 2, 1, 2, 2, 2, 3, 2, 1, 2, 3, 2, 3, 3, 2, 2, 1, 0, 1, 1, 3, 1, 3, 1, 0, 3, 1, 2, 3, 3, 2, 2, 2, 3, 2, 0, 0, 0, 0, 1, 3, 0, 3, 1, 2, 1, 3, 0, 0, 1, 0, 3, 3, 3, 3, 1, 0, 0, 1, 0, 0, 1, 1, 0, 3, 1, 2])
([3, 10, 8, 6, 14, 13, 13, 8, 11, 0, 10, 1, 0, 6, 1, 7, 0, 9, 14, 2, 13, 3, 3, 7, 13, 8, 12, 5, 8, 4, 12, 3, 3, 8, 6, 14, 7, 4, 9, 7, 0, 12, 14, 6, 9, 5, 7, 8, 5, 5, 13, 10, 0, 11, 14, 1, 4, 5, 2, 4, 5, 13, 14, 8, 9, 8, 9, 10, 2, 12, 8, 12, 7, 11, 2, 5, 2, 4, 11, 10, 7, 5, 6, 0, 13, 2, 1, 1, 4, 5, 14, 3, 2, 10, 7, 3, 9, 11, 12, 9, 11, 9, 9, 12, 2, 10], [0, 0, 1, 0, 0, 1, 0, 1, 0, 1, 1, 0, 0, 1, 0, 1, 0, 1, 1, 0, 0, 0, 0, 1, 0, 0, 1, 0, 0, 0, 0, 1, 0, 1, 0, 1, 0, 0, 1, 1, 1, 0, 0, 1, 0, 0, 1, 0, 0, 1, 0, 0, 1, 1, 0, 0, 1, 1, 0, 0, 0, 1, 0, 1, 0, 0, 1, 1, 0, 0, 0, 1, 1, 0, 1, 0, 0, 0, 0, 0, 0, 0, 0, 0, 0, 0, 1, 0, 1, 1, 1, 1, 1, 1, 0, 1, 0, 1, 0, 0, 0, 1, 0, 0, 1, 1], [1, 3, 2, 2, 0, 3, 2, 0, 3, 2, 1, 3, 0, 0, 2, 3, 0, 3, 3, 1, 3, 2, 3, 3, 3, 1, 0, 2, 3, 3, 2, 1, 2, 2, 1, 1, 2, 2, 3, 0, 2, 1, 2, 2, 2, 3, 2, 1, 2, 3, 2, 3, 3, 2, 2, 1, 0, 1, 1, 3, 1, 3, 1, 0, 3, 1, 2, 3, 3, 2, 2, 2, 3, 2, 0, 0, 0, 0, 1, 3, 0, 3, 1, 2, 1, 3, 0, 0, 1, 0, 3, 3, 3, 3, 1, 0, 0, 1, 0, 0, 1, 1, 0, 3, 1, 2])
([3, 10, 14, 6, 0, 5, 13, 13, 10, 2, 11, 0, 8, 6, 1, 0, 9, 3, 13, 1, 13, 12, 14, 7, 3, 6, 12, 8, 4, 14, 3, 4, 12, 0, 8, 3, 11, 9, 2, 10, 5, 14, 2, 8, 9, 7, 5, 6, 5, 11, 0, 14, 13, 1, 4, 11, 4, 14, 13, 8, 9, 5, 7, 12, 9, 2, 7, 10, 2, 8, 12, 7, 4, 10, 7, 0, 2, 1, 5, 8, 6, 13, 1, 4, 7, 2, 11, 10, 8, 3, 14, 3, 5, 12, 8, 2, 9, 5, 5, 11, 9, 12, 9, 9, 7, 10], [0, 0, 1, 0, 0, 1, 0, 1, 0, 0, 1, 0, 0, 1, 0, 1, 0, 1, 1, 0, 0, 0, 0, 1, 0, 0, 1, 0, 0, 0, 0, 1, 0, 0, 0, 1, 1, 0, 1, 0, 1, 0, 0, 1, 1, 0, 1, 0, 0, 1, 0, 0, 1, 1, 1, 0, 0, 1, 0, 0, 0, 1, 0, 1, 0, 0, 1, 1, 0, 0, 0, 1, 1, 0, 1, 0, 0, 0, 1, 0, 0, 0, 1, 0, 0, 0, 1, 0, 1, 1, 1, 1, 1, 1, 0, 1, 1, 1, 0, 0, 0, 1, 0, 1, 1, 0], [1, 3, 2, 2, 0, 3, 2, 0, 3, 2, 1, 3, 0, 0, 2, 3, 0, 3, 3, 1, 3, 2, 3, 3, 3, 1, 0, 2, 3, 3, 2, 1, 2, 2, 1, 1, 2, 2, 3, 0, 2, 1, 2, 2, 2, 3, 2, 1, 2, 3, 2, 3, 3, 2, 2, 1, 0, 1, 1, 3, 1, 3, 1, 0, 3, 1, 2, 3, 3, 2, 2, 2, 3, 2, 0, 0, 0, 0, 1, 3, 0, 3, 1, 2, 1, 3, 0, 0, 1, 0, 3, 3, 3, 3, 1, 0, 0, 1, 0, 0, 1, 1, 0, 3, 1, 2])
([10, 8, 2, 5, 8, 6, 5, 10, 0, 2, 11, 1, 13, 0, 2, 5, 6, 0, 8, 13, 8, 9, 1, 14, 2, 8, 6, 1, 4, 14, 3, 4, 6, 10, 8, 12, 11, 7, 14, 11, 5, 5, 5, 12, 2, 14, 13, 3, 4, 12, 13, 8, 9, 0, 4, 14, 8, 14, 13, 9, 0, 1, 7, 5, 8, 3, 7, 11, 2, 5, 9, 11, 7, 12, 3, 10, 12, 9, 10, 7, 3, 6, 4, 13, 13, 7, 2, 4, 10, 2, 5, 0, 9, 11, 7, 3, 12, 9, 14, 1, 9, 9, 7, 3, 12, 10], [0, 0, 1, 0, 0, 1, 0, 1, 0, 0, 1, 0, 0, 1, 0, 1, 0, 1, 1, 0, 0, 0, 0, 1, 0, 0, 1, 0, 0, 0, 0, 1, 0, 0, 0, 1, 0, 0, 1, 0, 1, 0, 0, 1, 1, 0, 1, 0, 0, 1, 0, 0, 1, 1, 0, 0, 1, 1, 0, 0, 0, 1, 0, 1, 0, 0, 1, 1, 0, 0, 0, 1, 1, 0, 1, 0, 0, 0, 1, 0, 0, 0, 1, 0, 0, 0, 1, 0, 1, 1, 1, 1, 1, 1, 0, 1, 1, 1, 0, 0, 0, 1, 0, 0, 1, 1], [0, 1, 1, 3, 0, 3, 0, 0, 1, 0, 0, 3, 0, 0, 3, 3, 0, 1, 3, 3, 0, 3, 1, 0, 0, 3, 0, 2, 1, 2, 0, 3, 2, 0, 3, 1, 2, 2, 1, 3, 2, 2, 2, 0, 2, 3, 0, 2, 2, 2, 0, 0, 0, 3, 2, 1, 1, 2, 3, 1, 1, 2, 0, 2, 1, 2, 1, 2, 3, 0, 2, 3, 2, 1, 0, 1, 1, 0, 0, 0, 3, 3, 2, 3, 3, 0, 1, 0, 3, 2, 2, 2, 3, 3, 3, 1, 3, 2, 2, 1, 1, 1, 2, 3, 2, 3])
([3, 10, 5, 8, 6, 14, 10, 13, 5, 13, 8, 11, 0, 1, 5, 0, 1, 6, 2, 9, 14, 0, 7, 13, 7, 13, 8, 3, 3, 7, 12, 8, 4, 12, 3, 5, 3, 6, 8, 5, 2, 14, 7, 4, 5, 9, 12, 14, 10, 6, 7, 9, 8, 13, 0, 11, 1, 14, 4, 2, 4, 13, 14, 8, 5, 5, 9, 8, 9, 12, 2, 7, 10, 8, 12, 11, 2, 0, 5, 4, 11, 10, 7, 6, 2, 1, 13, 2, 1, 4, 10, 14, 7, 0, 3, 3, 11, 9, 12, 9, 11, 9, 9, 12, 2, 10], [0, 0, 1, 0, 0, 1, 0, 1, 0, 0, 1, 0, 0, 1, 0, 1, 0, 1, 1, 1, 0, 1, 0, 1, 0, 0, 1, 0, 0, 0, 0, 1, 0, 1, 0, 1, 1, 0, 1, 0, 1, 0, 0, 1, 1, 0, 1, 0, 0, 1, 0, 0, 1, 1, 1, 0, 1, 0, 0, 0, 0, 1, 0, 1, 0, 0, 1, 1, 0, 0, 0, 1, 1, 0, 1, 0, 0, 0, 1, 0, 0, 0, 1, 0, 0, 0, 1, 0, 1, 1, 1, 1, 1, 1, 0, 1, 0, 1, 0, 0, 0, 1, 0, 1, 1, 0], [1, 3, 2, 2, 0, 3, 2, 0, 3, 2, 1, 3, 0, 0, 2, 3, 0, 3, 3, 1, 3, 2, 3, 3, 3, 1, 0, 2, 3, 3, 2, 1, 2, 2, 1, 1, 2, 2, 3, 0, 2, 1, 2, 2, 2, 3, 2, 1, 2, 3, 2, 3, 3, 2, 2, 1, 0, 1, 1, 3, 1, 3, 1, 0, 3, 1, 2, 3, 3, 2, 2, 2, 3, 2, 0, 0, 0, 0, 1, 3, 0, 3, 1, 2, 1, 3, 0, 0, 1, 0, 3, 3, 3, 3, 1, 0, 0, 1, 0, 0, 1, 1, 0, 3, 1, 2])
([3, 10, 5, 8, 6, 14, 10, 13, 5, 13, 8, 11, 0, 5, 1, 0, 6, 1, 0, 9, 14, 13, 3, 13, 8, 3, 2, 12, 7, 8, 4, 3, 12, 5, 6, 0, 8, 5, 12, 14, 4, 7, 5, 9, 3, 14, 10, 6, 7, 9, 7, 8, 13, 0, 11, 14, 1, 4, 2, 4, 13, 14, 8, 5, 5, 9, 7, 8, 9, 2, 7, 12, 10, 8, 12, 11, 2, 2, 5, 4, 11, 10, 6, 0, 13, 2, 1, 1, 4, 7, 10, 14, 2, 3, 11, 7, 3, 9, 12, 9, 11, 9, 9, 12, 2, 10], [0, 0, 1, 0, 0, 1, 0, 1, 0, 1, 1, 0, 0, 1, 0, 1, 0, 1, 1, 0, 0, 0, 0, 1, 0, 0, 1, 0, 0, 0, 0, 1, 0, 0, 0, 1, 0, 0, 1, 1, 1, 0, 0, 1, 0, 0, 1, 0, 0, 1, 0, 0, 1, 1, 0, 0, 1, 1, 0, 0, 0, 1, 0, 1, 0, 0, 1, 1, 0, 0, 0, 1, 1, 0, 1, 0, 0, 0, 1, 0, 0, 0, 1, 0, 0, 0, 1, 0, 1, 1, 1, 1, 1, 1, 0, 1, 0, 1, 0, 0, 0, 1, 0, 0, 1, 1], [1, 3, 2, 2, 0, 3, 2, 0, 3, 2, 1, 3, 0, 0, 2, 3, 0, 3, 3, 1, 3, 2, 3, 3, 3, 1, 0, 2, 3, 3, 2, 1, 2, 2, 1, 1, 2, 2, 3, 0, 2, 1, 2, 2, 2, 3, 2, 1, 2, 3, 2, 3, 3, 2, 2, 1, 0, 1, 1, 3, 1, 3, 1, 0, 3, 1, 2, 3, 3, 2, 2, 2, 3, 2, 0, 0, 0, 0, 1, 3, 0, 3, 1, 2, 1, 3, 0, 0, 1, 0, 3, 3, 3, 3, 1, 0, 0, 1, 0, 0, 1, 1, 0, 3, 1, 2])
([0, 10, 0, 8, 4, 9, 6, 2, 8, 11, 1, 10, 6, 0, 13, 5, 6, 13, 9, 1, 9, 14, 0, 8, 6, 1, 8, 14, 3, 8, 13, 13, 4, 12, 11, 7, 14, 11, 2, 12, 5, 10, 9, 5, 14, 2, 3, 4, 12, 5, 8, 13, 6, 14, 9, 2, 14, 0, 8, 1, 7, 2, 4, 3, 7, 11, 8, 5, 2, 4, 11, 7, 12, 3, 8, 12, 10, 7, 3, 5, 13, 10, 7, 13, 0, 9, 2, 5, 9, 10, 9, 11, 7, 3, 12, 2, 14, 1, 5, 4, 5, 9, 7, 3, 12, 10], [0, 0, 1, 0, 0, 1, 0, 1, 0, 0, 1, 0, 0, 1, 0, 1, 0, 1, 1, 0, 0, 0, 0, 1, 0, 0, 1, 0, 0, 0, 0, 1, 0, 0, 0, 1, 0, 0, 1, 1, 1, 0, 0, 1, 1, 0, 1, 0, 0, 1, 0, 0, 1, 1, 0, 0, 0, 1, 0, 0, 0, 1, 0, 1, 0, 0, 1, 1, 0, 0, 0, 1, 1, 0, 1, 0, 0, 0, 1, 0, 0, 0, 1, 0, 0, 0, 1, 0, 1, 1, 1, 1, 1, 1, 0, 1, 0, 1, 0, 0, 0, 1, 0, 0, 1, 1], [0, 1, 1, 3, 0, 3, 0, 0, 1, 0, 0, 3, 0, 0, 3, 3, 0, 1, 3, 3, 0, 3, 1, 0, 0, 3, 0, 2, 1, 2, 0, 3, 2, 0, 3, 1, 2, 2, 1, 3, 2, 2, 2, 0, 2, 3, 0, 2, 2, 2, 0, 0, 0, 3, 2, 1, 1, 2, 3, 1, 1, 2, 0, 2, 1, 2, 1, 2, 3, 0, 2, 3, 2, 1, 0, 1, 1, 0, 0, 0, 3, 3, 2, 3, 3, 0, 1, 0, 3, 2, 2, 2, 3, 3, 3, 1, 3, 2, 2, 1, 1, 1, 2, 3, 2, 3])
([3, 10, 5, 8, 6, 14, 10, 13, 5, 13, 8, 11, 0, 5, 1, 0, 9, 6, 1, 3, 14, 13, 2, 13, 7, 8, 7, 3, 12, 8, 7, 4, 12, 5, 3, 6, 8, 5, 3, 14, 4, 7, 5, 9, 12, 10, 14, 6, 9, 7, 0, 8, 13, 0, 11, 14, 1, 4, 2, 4, 13, 14, 8, 5, 5, 9, 0, 8, 9, 2, 7, 12, 10, 8, 12, 11, 2, 2, 5, 4, 10, 11, 7, 6, 13, 1, 2, 1, 4, 10, 3, 7, 14, 2, 3, 0, 11, 9, 12, 9, 11, 9, 9, 12, 2, 10], [0, 0, 1, 0, 0, 1, 0, 1, 0, 1, 1, 0, 0, 1, 0, 1, 0, 1, 1, 0, 0, 0, 0, 1, 0, 0, 1, 0, 0, 0, 0, 1, 0, 1, 0, 1, 0, 0, 1, 1, 1, 0, 0, 1, 0, 0, 1, 0, 0, 1, 0, 0, 1, 1, 0, 0, 1, 1, 0, 0, 0, 1, 0, 1, 0, 0, 1, 1, 0, 0, 0, 1, 1, 0, 1, 0, 0, 0, 1, 0, 0, 0, 1, 0, 0, 0, 1, 0, 1, 1, 1, 1, 1, 1, 0, 1, 1, 1, 0, 0, 0, 1, 0, 0, 1, 1], [1, 3, 2, 2, 0, 3, 2, 0, 3, 2, 1, 3, 0, 0, 2, 3, 0, 3, 3, 1, 3, 2, 3, 3, 3, 1, 0, 2, 3, 3, 2, 1, 2, 2, 1, 1, 2, 2, 3, 0, 2, 1, 2, 2, 2, 3, 2, 1, 2, 3, 2, 3, 3, 2, 2, 1, 0, 1, 1, 3, 1, 3, 1, 0, 3, 1, 2, 3, 3, 2, 2, 2, 3, 2, 0, 0, 0, 0, 1, 3, 0, 3, 1, 2, 1, 3, 0, 0, 1, 0, 3, 3, 3, 3, 1, 0, 0, 1, 0, 0, 1, 1, 0, 3, 1, 2])
([3, 10, 5, 8, 6, 14, 10, 13, 5, 13, 8, 11, 0, 5, 1, 0, 6, 1, 3, 9, 14, 13, 13, 8, 3, 7, 2, 12, 7, 8, 4, 7, 12, 5, 3, 6, 8, 5, 12, 3, 4, 14, 5, 9, 7, 10, 14, 7, 6, 9, 13, 8, 0, 14, 11, 13, 1, 4, 2, 4, 14, 8, 0, 5, 5, 9, 8, 7, 9, 2, 10, 12, 8, 10, 12, 11, 2, 2, 5, 4, 11, 0, 7, 6, 13, 2, 1, 1, 4, 3, 10, 7, 2, 14, 11, 3, 0, 9, 12, 9, 11, 9, 9, 12, 2, 10], [0, 0, 1, 0, 0, 1, 0, 1, 0, 1, 1, 0, 0, 1, 0, 1, 0, 1, 1, 0, 0, 0, 0, 1, 0, 0, 1, 0, 0, 0, 0, 1, 0, 0, 0, 1, 1, 0, 1, 0, 1, 0, 0, 1, 0, 0, 1, 0, 0, 1, 0, 0, 1, 1, 0, 0, 1, 1, 0, 0, 0, 1, 0, 1, 0, 0, 1, 1, 0, 0, 0, 1, 1, 0, 1, 0, 0, 0, 1, 0, 0, 0, 1, 0, 0, 0, 1, 0, 1, 1, 1, 1, 1, 1, 0, 1, 0, 1, 0, 0, 0, 1, 0, 0, 1, 1], [1, 3, 2, 2, 0, 3, 2, 0, 3, 2, 1, 3, 0, 0, 2, 3, 0, 3, 3, 1, 3, 2, 3, 3, 3, 1, 0, 2, 3, 3, 2, 1, 2, 2, 1, 1, 2, 2, 3, 0, 2, 1, 2, 2, 2, 3, 2, 1, 2, 3, 2, 3, 3, 2, 2, 1, 0, 1, 1, 3, 1, 3, 1, 0, 3, 1, 2, 3, 3, 2, 2, 2, 3, 2, 0, 0, 0, 0, 1, 3, 0, 3, 1, 2, 1, 3, 0, 0, 1, 0, 3, 3, 3, 3, 1, 0, 0, 1, 0, 0, 1, 1, 0, 3, 1, 2])
([3, 10, 11, 6, 14, 0, 13, 13, 5, 10, 11, 1, 6, 0, 8, 0, 9, 2, 1, 12, 3, 13, 13, 7, 14, 7, 1, 3, 6, 12, 7, 4, 14, 3, 4, 8, 12, 3, 0, 8, 7, 9, 5, 8, 14, 9, 10, 11, 5, 6, 5, 7, 14, 4, 13, 2, 0, 1, 4, 14, 13, 8, 9, 5, 12, 2, 2, 9, 8, 10, 7, 12, 2, 10, 11, 0, 4, 5, 8, 11, 7, 6, 13, 2, 8, 4, 5, 10, 12, 3, 7, 14, 3, 2, 8, 2, 9, 5, 5, 1, 9, 11, 12, 9, 10, 9], [0, 0, 1, 0, 0, 1, 0, 1, 0, 0, 1, 0, 0, 1, 0, 1, 0, 1, 1, 0, 0, 0, 0, 1, 0, 0, 1, 0, 0, 0, 0, 1, 0, 0, 0, 1, 1, 0, 1, 0, 1, 0, 0, 1, 1, 0, 1, 0, 0, 1, 0, 0, 1, 1, 1, 0, 0, 1, 0, 0, 0, 1, 0, 1, 0, 0, 1, 1, 0, 0, 0, 1, 1, 0, 1, 0, 0, 0, 1, 0, 0, 0, 1, 0, 0, 0, 1, 0, 1, 1, 1, 1, 1, 1, 0, 1, 1, 1, 0, 0, 0, 1, 0, 0, 1, 1], [0, 1, 1, 3, 0, 3, 0, 0, 1, 0, 0, 3, 0, 0, 3, 3, 0, 1, 3, 3, 0, 3, 1, 0, 0, 3, 0, 2, 1, 2, 0, 3, 2, 0, 3, 1, 2, 2, 1, 3, 2, 2, 2, 0, 2, 3, 0, 2, 2, 2, 0, 0, 0, 3, 2, 1, 1, 2, 3, 1, 1, 2, 0, 2, 1, 2, 1, 2, 3, 0, 2, 3, 2, 1, 0, 1, 1, 0, 0, 0, 3, 3, 2, 3, 3, 0, 1, 0, 3, 2, 2, 2, 3, 3, 3, 1, 3, 2, 2, 1, 1, 1, 2, 3, 2, 3])
([10, 8, 2, 5, 8, 6, 5, 9, 10, 0, 11, 2, 1, 0, 2, 5, 13, 6, 9, 13, 9, 0, 8, 8, 1, 14, 2, 8, 6, 1, 4, 14, 13, 13, 3, 12, 11, 4, 6, 11, 10, 9, 8, 12, 7, 14, 5, 5, 5, 12, 2, 13, 14, 3, 9, 4, 8, 0, 4, 14, 8, 14, 0, 1, 7, 5, 8, 11, 3, 7, 2, 11, 5, 12, 7, 3, 12, 10, 10, 7, 3, 6, 13, 4, 9, 7, 9, 13, 2, 4, 10, 9, 2, 11, 5, 0, 12, 7, 3, 14, 1, 9, 7, 3, 12, 10], [0, 0, 1, 0, 0, 1, 0, 1, 0, 0, 1, 0, 0, 1, 0, 1, 0, 1, 1, 0, 0, 0, 0, 1, 0, 0, 1, 0, 0, 0, 0, 1, 0, 0, 0, 1, 0, 0, 1, 1, 1, 0, 0, 1, 0, 0, 1, 0, 0, 1, 0, 0, 1, 1, 0, 0, 0, 1, 0, 0, 0, 1, 0, 1, 0, 0, 1, 1, 0, 0, 0, 1, 1, 0, 1, 0, 0, 0, 1, 0, 0, 0, 1, 0, 0, 0, 1, 0, 0, 1, 1, 1, 1, 1, 0, 1, 1, 1, 0, 0, 0, 1, 0, 0, 1, 1], [0, 1, 1, 3, 0, 3, 0, 0, 1, 0, 0, 3, 0, 0, 3, 3, 0, 1, 3, 3, 0, 3, 1, 0, 0, 3, 0, 2, 1, 2, 0, 3, 2, 0, 3, 1, 2, 2, 1, 3, 2, 2, 2, 0, 2, 3, 0, 2, 2, 2, 0, 0, 0, 3, 2, 1, 1, 2, 3, 1, 1, 2, 0, 2, 1, 2, 1, 2, 3, 0, 2, 3, 2, 1, 0, 1, 1, 0, 0, 0, 3, 3, 2, 3, 3, 0, 1, 0, 3, 2, 2, 2, 3, 3, 3, 1, 3, 2, 2, 1, 1, 1, 2, 3, 2, 3])
([3, 10, 11, 6, 14, 12, 13, 13, 0, 10, 11, 1, 6, 9, 9, 5, 8, 2, 1, 9, 3, 13, 13, 7, 14, 7, 1, 3, 6, 8, 7, 4, 14, 3, 4, 8, 8, 3, 8, 5, 7, 0, 5, 9, 14, 0, 10, 11, 5, 6, 9, 7, 14, 4, 13, 2, 12, 1, 4, 14, 13, 12, 5, 0, 12, 2, 2, 0, 12, 10, 7, 12, 2, 10, 11, 5, 4, 8, 9, 11, 7, 6, 13, 2, 8, 4, 8, 10, 5, 3, 7, 14, 3, 2, 9, 2, 8, 9, 0, 1, 5, 11, 9, 12, 10, 5], [0, 0, 1, 0, 0, 1, 0, 1, 0, 0, 1, 0, 0, 1, 0, 1, 0, 1, 1, 0, 0, 0, 0, 1, 0, 0, 1, 0, 0, 0, 0, 1, 0, 0, 0, 1, 0, 0, 1, 0, 1, 0, 0, 1, 1, 0, 1, 0, 0, 1, 0, 0, 1, 1, 0, 0, 0, 1, 0, 0, 0, 1, 0, 1, 0, 0, 1, 1, 0, 0, 0, 1, 1, 0, 1, 0, 0, 0, 1, 0, 0, 0, 1, 0, 0, 0, 1, 0, 1, 1, 1, 1, 1, 1, 0, 1, 1, 1, 0, 0, 0, 1, 0, 0, 1, 1], [0, 1, 1, 3, 0, 3, 0, 0, 1, 0, 0, 3, 0, 0, 3, 3, 0, 1, 3, 3, 0, 3, 1, 0, 0, 3, 0, 2, 1, 2, 0, 3, 2, 0, 3, 1, 2, 2, 1, 3, 2, 2, 2, 0, 2, 3, 0, 2, 2, 2, 0, 0, 0, 3, 2, 1, 1, 2, 3, 1, 1, 2, 0, 2, 1, 2, 1, 2, 3, 0, 2, 3, 2, 1, 0, 1, 1, 0, 0, 0, 3, 3, 2, 3, 3, 0, 1, 0, 3, 2, 2, 2, 3, 3, 3, 1, 3, 2, 2, 1, 1, 1, 2, 3, 2, 3])
([3, 10, 8, 6, 14, 13, 13, 8, 11, 0, 10, 1, 0, 6, 1, 7, 0, 9, 14, 3, 13, 3, 2, 7, 13, 8, 12, 5, 8, 4, 3, 12, 6, 8, 0, 14, 7, 4, 9, 7, 12, 3, 14, 6, 9, 5, 7, 8, 5, 5, 13, 10, 0, 11, 14, 1, 4, 5, 2, 4, 5, 13, 14, 8, 9, 8, 9, 10, 2, 12, 8, 12, 7, 11, 2, 5, 2, 4, 11, 10, 7, 5, 6, 0, 13, 2, 1, 1, 4, 5, 14, 2, 3, 10, 7, 11, 9, 3, 12, 9, 11, 9, 9, 12, 2, 10], [0, 0, 1, 0, 0, 1, 0, 1, 0, 1, 1, 0, 0, 1, 0, 1, 0, 1, 1, 0, 0, 0, 0, 1, 0, 0, 1, 0, 0, 0, 0, 1, 0, 0, 0, 1, 0, 0, 1, 1, 1, 0, 0, 1, 1, 0, 1, 0, 0, 1, 0, 0, 1, 1, 0, 0, 0, 1, 0, 0, 0, 1, 0, 1, 0, 0, 1, 1, 0, 0, 0, 1, 1, 0, 1, 0, 0, 0, 1, 0, 0, 0, 1, 0, 0, 0, 1, 0, 1, 1, 1, 1, 1, 1, 0, 1, 0, 1, 0, 0, 0, 1, 0, 0, 1, 1], [1, 3, 2, 2, 0, 3, 2, 0, 3, 2, 1, 3, 0, 0, 2, 3, 0, 3, 3, 1, 3, 2, 3, 3, 3, 1, 0, 2, 3, 3, 2, 1, 2, 2, 1, 1, 2, 2, 3, 0, 2, 1, 2, 2, 2, 3, 2, 1, 2, 3, 2, 3, 3, 2, 2, 1, 0, 1, 1, 3, 1, 3, 1, 0, 3, 1, 2, 3, 3, 2, 2, 2, 3, 2, 0, 0, 0, 0, 1, 3, 0, 3, 1, 2, 1, 3, 0, 0, 1, 0, 3, 3, 3, 3, 1, 0, 0, 1, 0, 0, 1, 1, 0, 3, 1, 2])
([3, 10, 14, 6, 0, 5, 13, 13, 10, 2, 11, 0, 8, 6, 1, 7, 0, 9, 13, 3, 1, 3, 13, 7, 14, 6, 12, 8, 14, 4, 3, 12, 0, 8, 11, 2, 7, 4, 9, 7, 12, 3, 10, 5, 9, 14, 7, 2, 8, 5, 6, 5, 11, 0, 14, 13, 4, 1, 11, 4, 14, 13, 8, 5, 9, 2, 9, 10, 2, 12, 8, 12, 7, 10, 0, 2, 1, 4, 5, 8, 7, 6, 13, 1, 2, 11, 10, 8, 4, 14, 5, 8, 3, 2, 7, 5, 9, 3, 12, 9, 5, 9, 9, 12, 11, 10], [0, 0, 1, 0, 0, 1, 0, 1, 0, 1, 1, 0, 0, 1, 0, 1, 0, 1, 1, 0, 0, 0, 0, 1, 0, 0, 1, 0, 0, 0, 0, 1, 0, 0, 0, 1, 0, 0, 1, 0, 1, 0, 0, 1, 1, 0, 1, 0, 0, 1, 0, 0, 1, 1, 1, 0, 0, 1, 0, 0, 0, 1, 0, 1, 0, 0, 1, 1, 0, 0, 0, 1, 1, 0, 1, 0, 0, 0, 1, 0, 0, 0, 1, 0, 0, 0, 1, 0, 1, 1, 1, 1, 1, 1, 0, 1, 1, 1, 0, 0, 0, 1, 0, 0, 1, 1], [1, 3, 2, 2, 0, 3, 2, 0, 3, 2, 1, 3, 0, 0, 2, 3, 0, 3, 3, 1, 3, 2, 3, 3, 3, 1, 0, 2, 3, 3, 2, 1, 2, 2, 1, 1, 2, 2, 3, 0, 2, 1, 2, 2, 2, 3, 2, 1, 2, 3, 2, 3, 3, 2, 2, 1, 0, 1, 1, 3, 1, 3, 1, 0, 3, 1, 2, 3, 3, 2, 2, 2, 3, 2, 0, 0, 0, 0, 1, 3, 0, 3, 1, 2, 1, 3, 0, 0, 1, 0, 3, 3, 3, 3, 1, 0, 0, 1, 0, 0, 1, 1, 0, 3, 1, 2])
([3, 10, 5, 8, 6, 14, 10, 13, 5, 13, 8, 11, 0, 5, 1, 0, 6, 1, 9, 14, 13, 2, 13, 8, 7, 3, 3, 12, 7, 8, 4, 12, 3, 5, 3, 7, 6, 5, 8, 14, 4, 7, 5, 9, 12, 14, 10, 6, 9, 8, 7, 13, 0, 1, 11, 14, 2, 4, 13, 4, 8, 14, 9, 5, 5, 0, 8, 9, 10, 2, 7, 12, 8, 2, 12, 11, 2, 0, 5, 4, 11, 10, 6, 7, 13, 2, 1, 1, 4, 10, 14, 7, 3, 2, 3, 0, 11, 9, 12, 9, 11, 9, 9, 12, 2, 10], [0, 0, 1, 0, 0, 1, 0, 1, 0, 1, 1, 0, 0, 1, 0, 1, 0, 1, 1, 0, 0, 0, 0, 1, 0, 0, 1, 0, 0, 0, 0, 1, 0, 1, 0, 1, 0, 0, 1, 1, 1, 0, 0, 1, 0, 0, 1, 0, 0, 1, 0, 0, 1, 1, 0, 0, 1, 1, 0, 0, 0, 1, 0, 1, 0, 0, 1, 1, 0, 0, 0, 1, 1, 0, 1, 0, 0, 0, 1, 0, 0, 0, 1, 0, 0, 0, 1, 0, 1, 1, 1, 1, 1, 1, 0, 1, 0, 1, 0, 0, 0, 1, 0, 0, 1, 1], [1, 3, 2, 2, 0, 3, 2, 0, 3, 2, 1, 3, 0, 0, 2, 3, 0, 3, 3, 1, 3, 2, 3, 3, 3, 1, 0, 2, 3, 3, 2, 1, 2, 2, 1, 1, 2, 2, 3, 0, 2, 1, 2, 2, 2, 3, 2, 1, 2, 3, 2, 3, 3, 2, 2, 1, 0, 1, 1, 3, 1, 3, 1, 0, 3, 1, 2, 3, 3, 2, 2, 2, 3, 2, 0, 0, 0, 0, 1, 3, 0, 3, 1, 2, 1, 3, 0, 0, 1, 0, 3, 3, 3, 3, 1, 0, 0, 1, 0, 0, 1, 1, 0, 3, 1, 2])
运行时间74.33034133911133

2021-02-01 13:34:13
[{'完工时间': (153.92007270055336, 275.61674239523023, 429.5836899565044), '最大机器负荷': 178, '机器总负荷': 686}, {'完工时间': (164.1726134725933, 285.3954385898339, 453.8045527523822), '最大机器负荷': 184, '机器总负荷': 684}, {'完工时间': (149.430660316664, 281.3141194011703, 439.626491589938), '最大机器负荷': 176, '机器总负荷': 687}, {'完工时间': (158.90409254427692, 287.22982998522326, 450.32804331127005), '最大机器负荷': 178, '机器总负荷': 684}, {'完工时间': (163.0613791733261, 291.6864870433621, 457.9381056890364), '最大机器负荷': 182, '机器总负荷': 683}, {'完工时间': (169.7289129645433, 299.03467359387724, 461.31469307664565), '最大机器负荷': 175, '机器总负荷': 690}, {'完工时间': (154.20180841671677, 278.5656403387075, 440.7652946545717), '最大机器负荷': 178, '机器总负荷': 685}]
([10, 7, 11, 5, 9, 8, 9, 0, 3, 8, 3, 0, 5, 12, 11, 7, 8, 10, 2, 8, 4, 12, 6, 8, 9, 4, 7, 11, 7, 14, 14, 6, 5, 2, 9, 13, 4, 9, 5, 3, 2, 13, 4, 0, 10, 4, 12, 5, 7, 3, 1, 9, 12, 6, 14, 2, 10, 7, 10, 2, 9, 7, 8, 3, 3, 5, 1, 1, 14, 13, 4, 9, 13, 2, 14, 8, 12, 7, 0, 5, 6, 11, 11, 14, 10, 13, 0, 13, 5, 9, 2, 0, 14, 1, 8, 10, 3, 5, 12, 11, 12, 2, 1, 8, 6, 13], [0, 0, 1, 0, 1, 1, 0, 1, 0, 0, 1, 0, 1, 0, 0, 1, 0, 1, 1, 0, 0, 0, 0, 1, 1, 0, 1, 1, 0, 0, 0, 1, 0, 1, 0, 1, 1, 0, 1, 0, 1, 0, 0, 1, 0, 0, 1, 0, 0, 1, 0, 0, 1, 1, 0, 0, 1, 1, 0, 0, 0, 0, 0, 1, 0, 0, 1, 1, 0, 0, 0, 0, 1, 0, 1, 0, 0, 0, 1, 0, 0, 0, 0, 0, 0, 0, 1, 0, 1, 0, 1, 1, 1, 1, 0, 1, 1, 1, 0, 0, 0, 1, 0, 1, 1, 1], [0, 2, 3, 2, 1, 3, 2, 3, 3, 1, 2, 2, 2, 1, 3, 3, 2, 2, 2, 2, 0, 1, 0, 2, 0, 2, 0, 1, 3, 2, 0, 2, 3, 3, 0, 1, 1, 1, 2, 3, 3, 1, 2, 1, 1, 0, 2, 2, 3, 0, 0, 2, 1, 3, 2, 1, 3, 3, 3, 0, 1, 0, 1, 0, 1, 0, 2, 0, 2, 2, 0, 2, 2, 3, 1, 3, 1, 2, 0, 0, 3, 2, 3, 0, 3, 0, 2, 1, 1, 1, 0, 0, 2, 1, 1, 3, 3, 1, 2, 3, 3, 0, 2, 3, 3, 2])
([10, 7, 11, 5, 9, 8, 9, 0, 3, 8, 3, 0, 5, 12, 11, 7, 8, 10, 2, 8, 6, 4, 12, 8, 9, 4, 7, 11, 7, 14, 14, 6, 5, 2, 9, 4, 13, 9, 5, 2, 3, 4, 13, 0, 10, 4, 12, 5, 7, 3, 1, 9, 12, 6, 14, 2, 10, 7, 10, 2, 9, 7, 8, 3, 3, 5, 1, 1, 14, 13, 4, 9, 13, 2, 14, 8, 12, 7, 0, 5, 6, 11, 11, 14, 10, 13, 0, 13, 5, 9, 2, 0, 14, 1, 8, 3, 10, 5, 12, 11, 12, 2, 1, 8, 6, 13], [0, 0, 1, 0, 1, 1, 0, 1, 0, 0, 1, 0, 1, 0, 0, 1, 0, 1, 1, 0, 0, 0, 0, 1, 1, 0, 1, 1, 0, 0, 0, 1, 0, 1, 0, 1, 0, 0, 1, 0, 1, 0, 0, 1, 0, 0, 1, 0, 0, 1, 0, 0, 1, 1, 0, 0, 1, 1, 0, 0, 0, 0, 0, 1, 0, 0, 1, 1, 0, 0, 0, 0, 1, 0, 1, 0, 0, 0, 1, 0, 0, 0, 1, 0, 0, 0, 1, 1, 1, 0, 1, 1, 1, 1, 0, 1, 1, 1, 0, 0, 0, 1, 0, 1, 1, 1], [0, 2, 3, 2, 1, 3, 2, 3, 3, 1, 2, 2, 2, 1, 3, 3, 2, 2, 2, 2, 0, 1, 0, 2, 0, 2, 0, 1, 3, 2, 0, 2, 3, 3, 0, 1, 1, 1, 2, 3, 3, 1, 2, 1, 1, 0, 2, 2, 3, 0, 0, 2, 1, 3, 2, 1, 3, 3, 3, 0, 1, 0, 1, 0, 1, 0, 2, 0, 2, 2, 0, 2, 2, 3, 1, 3, 1, 2, 0, 0, 3, 2, 3, 0, 3, 0, 2, 1, 1, 1, 0, 0, 2, 1, 1, 3, 3, 1, 2, 3, 3, 0, 2, 3, 3, 2])
([10, 7, 11, 5, 9, 8, 0, 3, 8, 3, 0, 9, 5, 12, 11, 7, 8, 10, 2, 4, 6, 8, 12, 8, 9, 4, 7, 11, 7, 14, 14, 6, 5, 2, 4, 9, 13, 5, 9, 3, 2, 4, 13, 0, 10, 4, 12, 5, 7, 3, 1, 12, 6, 14, 7, 2, 10, 7, 2, 10, 8, 3, 3, 5, 1, 1, 14, 13, 9, 4, 13, 9, 14, 8, 2, 7, 12, 0, 5, 6, 11, 11, 9, 14, 10, 13, 0, 13, 5, 0, 2, 9, 14, 1, 8, 10, 3, 5, 12, 11, 12, 2, 1, 8, 6, 13], [1, 0, 1, 0, 1, 1, 0, 1, 0, 0, 1, 0, 1, 0, 0, 1, 0, 1, 1, 0, 0, 0, 0, 1, 1, 0, 1, 0, 0, 0, 0, 1, 0, 1, 0, 1, 1, 0, 1, 0, 1, 0, 0, 1, 0, 0, 1, 0, 0, 1, 0, 0, 1, 1, 0, 0, 1, 1, 0, 0, 0, 0, 0, 1, 0, 0, 1, 1, 0, 0, 0, 0, 1, 0, 1, 0, 0, 0, 1, 0, 0, 0, 0, 0, 0, 0, 1, 0, 1, 0, 1, 1, 1, 1, 0, 1, 1, 1, 0, 0, 0, 1, 0, 1, 1, 1], [0, 2, 3, 2, 1, 3, 2, 3, 3, 1, 2, 2, 2, 1, 3, 3, 2, 2, 2, 2, 0, 1, 0, 2, 0, 2, 0, 1, 3, 2, 0, 2, 3, 3, 0, 1, 1, 1, 2, 3, 3, 1, 2, 1, 1, 0, 2, 2, 3, 0, 0, 2, 1, 3, 2, 1, 3, 3, 3, 0, 1, 0, 1, 0, 1, 0, 2, 0, 2, 2, 0, 2, 2, 3, 1, 3, 1, 2, 0, 0, 3, 2, 3, 0, 3, 0, 2, 1, 1, 1, 0, 0, 2, 1, 1, 3, 3, 1, 2, 3, 3, 0, 2, 3, 3, 2])
([10, 7, 11, 5, 9, 8, 9, 0, 3, 8, 3, 0, 5, 12, 11, 7, 8, 10, 2, 8, 4, 12, 6, 8, 9, 4, 7, 11, 7, 14, 14, 6, 5, 2, 9, 4, 13, 9, 5, 2, 3, 4, 13, 0, 10, 4, 12, 5, 7, 3, 1, 9, 12, 6, 14, 2, 10, 7, 10, 2, 9, 7, 8, 3, 3, 5, 1, 1, 14, 13, 4, 9, 13, 2, 14, 8, 12, 7, 0, 5, 6, 11, 11, 14, 10, 13, 0, 13, 5, 9, 2, 0, 14, 1, 8, 3, 10, 5, 12, 11, 12, 2, 1, 8, 6, 13], [0, 0, 1, 0, 1, 1, 0, 1, 0, 0, 1, 0, 1, 0, 0, 1, 0, 1, 1, 0, 0, 0, 0, 1, 1, 0, 1, 1, 0, 0, 0, 1, 0, 1, 0, 1, 0, 0, 1, 0, 1, 0, 0, 1, 0, 0, 1, 0, 0, 1, 0, 0, 1, 1, 0, 0, 1, 1, 0, 0, 0, 0, 0, 1, 0, 0, 1, 1, 0, 0, 0, 0, 1, 0, 1, 0, 0, 0, 1, 0, 0, 0, 1, 0, 0, 0, 1, 0, 1, 0, 1, 1, 1, 1, 0, 1, 1, 1, 0, 0, 0, 1, 0, 1, 1, 1], [0, 2, 3, 2, 1, 3, 2, 3, 3, 1, 2, 2, 2, 1, 3, 3, 2, 2, 2, 2, 0, 1, 0, 2, 0, 2, 0, 1, 3, 2, 0, 2, 3, 3, 0, 1, 1, 1, 2, 3, 3, 1, 2, 1, 1, 0, 2, 2, 3, 0, 0, 2, 1, 3, 2, 1, 3, 3, 3, 0, 1, 0, 1, 0, 1, 0, 2, 0, 2, 2, 0, 2, 2, 3, 1, 3, 1, 2, 0, 0, 3, 2, 3, 0, 3, 0, 2, 1, 1, 1, 0, 0, 2, 1, 1, 3, 3, 1, 2, 3, 3, 0, 2, 3, 3, 2])
([10, 7, 11, 5, 9, 8, 9, 0, 3, 8, 3, 0, 5, 12, 11, 7, 8, 10, 2, 8, 6, 4, 12, 8, 9, 4, 7, 11, 7, 14, 14, 6, 5, 2, 9, 4, 13, 9, 5, 2, 3, 4, 13, 0, 10, 4, 12, 5, 7, 3, 1, 9, 12, 6, 14, 2, 10, 7, 2, 10, 9, 7, 8, 3, 3, 5, 1, 1, 14, 13, 4, 9, 13, 2, 14, 8, 12, 7, 0, 5, 6, 11, 11, 14, 10, 13, 0, 13, 5, 9, 2, 0, 14, 1, 8, 3, 10, 5, 12, 11, 12, 2, 1, 8, 6, 13], [0, 0, 1, 0, 1, 1, 0, 1, 0, 0, 1, 0, 1, 0, 0, 1, 0, 1, 1, 0, 0, 0, 0, 1, 1, 0, 1, 0, 0, 0, 0, 1, 0, 1, 0, 1, 0, 0, 1, 0, 1, 0, 0, 1, 0, 0, 1, 0, 0, 1, 0, 0, 1, 1, 0, 0, 1, 1, 0, 0, 0, 0, 0, 1, 0, 0, 1, 1, 0, 0, 0, 0, 1, 0, 1, 0, 0, 0, 1, 0, 0, 0, 1, 0, 0, 0, 1, 0, 1, 0, 1, 1, 1, 1, 0, 1, 1, 1, 0, 0, 0, 1, 0, 1, 1, 1], [0, 2, 3, 2, 1, 3, 2, 3, 3, 1, 2, 2, 2, 1, 3, 3, 2, 2, 2, 2, 0, 1, 0, 2, 0, 2, 0, 1, 3, 2, 0, 2, 3, 3, 0, 1, 1, 1, 2, 3, 3, 1, 2, 1, 1, 0, 2, 2, 3, 0, 0, 2, 1, 3, 2, 1, 3, 3, 3, 0, 1, 0, 1, 0, 1, 0, 2, 0, 2, 2, 0, 2, 2, 3, 1, 3, 1, 2, 0, 0, 3, 2, 3, 0, 3, 0, 2, 1, 1, 1, 0, 0, 2, 1, 1, 3, 3, 1, 2, 3, 3, 0, 2, 3, 3, 2])
([10, 7, 11, 5, 9, 8, 0, 3, 8, 3, 0, 9, 5, 12, 11, 7, 8, 10, 2, 8, 4, 12, 6, 8, 9, 4, 7, 11, 7, 14, 14, 6, 5, 2, 4, 9, 13, 5, 9, 2, 3, 4, 13, 0, 10, 4, 12, 5, 7, 3, 1, 12, 6, 14, 7, 2, 10, 7, 2, 10, 8, 3, 3, 5, 1, 14, 1, 13, 9, 4, 13, 9, 2, 14, 8, 7, 12, 0, 5, 6, 11, 11, 9, 14, 10, 13, 0, 13, 5, 0, 2, 9, 1, 14, 8, 10, 3, 1, 12, 11, 12, 5, 2, 8, 6, 13], [1, 0, 1, 0, 1, 1, 0, 1, 0, 0, 1, 0, 1, 0, 0, 1, 0, 1, 1, 0, 0, 0, 0, 1, 1, 0, 1, 1, 0, 0, 0, 0, 0, 1, 0, 1, 0, 0, 1, 0, 1, 0, 0, 1, 0, 0, 1, 0, 0, 1, 0, 0, 1, 1, 0, 0, 1, 1, 0, 0, 0, 0, 0, 1, 0, 0, 1, 1, 0, 0, 0, 1, 1, 0, 1, 0, 0, 0, 1, 0, 0, 0, 0, 0, 0, 0, 1, 0, 1, 0, 1, 1, 1, 1, 0, 1, 1, 1, 0, 0, 0, 1, 0, 1, 1, 1], [0, 2, 3, 2, 1, 3, 2, 3, 3, 1, 2, 2, 2, 1, 3, 3, 2, 2, 2, 2, 0, 1, 0, 2, 0, 2, 0, 1, 3, 2, 0, 2, 3, 3, 0, 1, 1, 1, 2, 3, 3, 1, 2, 1, 1, 0, 2, 2, 3, 0, 0, 2, 1, 3, 2, 1, 3, 3, 3, 0, 1, 0, 1, 0, 1, 0, 2, 0, 2, 2, 0, 2, 2, 3, 1, 3, 1, 2, 0, 0, 3, 2, 3, 0, 3, 0, 2, 1, 1, 1, 0, 0, 2, 1, 1, 3, 3, 1, 2, 3, 3, 0, 2, 3, 3, 2])
([10, 7, 11, 5, 9, 8, 9, 0, 3, 8, 3, 0, 5, 12, 11, 7, 8, 10, 2, 6, 4, 12, 8, 8, 9, 4, 7, 11, 7, 6, 14, 14, 5, 2, 9, 4, 13, 9, 5, 2, 3, 4, 13, 0, 10, 4, 12, 5, 7, 3, 1, 9, 12, 14, 6, 2, 10, 7, 10, 2, 9, 7, 8, 3, 3, 5, 1, 1, 14, 13, 4, 9, 13, 2, 14, 8, 12, 7, 0, 5, 6, 11, 11, 14, 10, 13, 0, 13, 5, 9, 2, 0, 14, 1, 8, 3, 10, 5, 12, 11, 12, 2, 1, 8, 6, 13], [0, 0, 1, 0, 1, 1, 0, 1, 0, 0, 1, 0, 1, 0, 0, 1, 0, 1, 1, 0, 0, 0, 0, 1, 1, 0, 1, 1, 0, 0, 0, 1, 0, 1, 0, 1, 0, 0, 1, 0, 1, 0, 0, 1, 0, 0, 1, 0, 0, 1, 0, 0, 1, 1, 0, 0, 1, 1, 0, 0, 0, 0, 0, 1, 0, 0, 1, 1, 0, 0, 0, 0, 1, 0, 1, 0, 0, 0, 1, 0, 0, 0, 0, 0, 0, 0, 1, 0, 1, 0, 1, 1, 1, 1, 0, 1, 1, 1, 0, 0, 0, 1, 0, 1, 1, 1], [0, 2, 3, 2, 1, 3, 2, 3, 3, 1, 2, 2, 2, 1, 3, 3, 2, 2, 2, 2, 0, 1, 0, 2, 0, 2, 0, 1, 3, 2, 0, 2, 3, 3, 0, 1, 1, 1, 2, 3, 3, 1, 2, 1, 1, 0, 2, 2, 3, 0, 0, 2, 1, 3, 2, 1, 3, 3, 3, 0, 1, 0, 1, 0, 1, 0, 2, 0, 2, 2, 0, 2, 2, 3, 1, 3, 1, 2, 0, 0, 3, 2, 3, 0, 3, 0, 2, 1, 1, 1, 0, 0, 2, 1, 1, 3, 3, 1, 2, 3, 3, 0, 2, 3, 3, 2])
运行时间71.70531392097473

