2021-01-22 09:47:36
[{'完工时间': (63.73537863371307, 63.915907377922196, 64.19751705489364), '最大机器负荷': 42, '机器总负荷': 175}, {'完工时间': (64.48412263064372, 64.55455227260552, 64.00988020221499), '最大机器负荷': 43, '机器总负荷': 173}]
([1, 5, 0, 7, 0, 2, 3, 6, 1, 3, 6, 1, 3, 4, 7, 9, 4, 9, 8, 4, 1, 5, 0, 7, 4, 1, 9, 3, 5, 7, 9, 8, 2, 5, 8, 8, 5, 2, 0, 6, 0, 4, 8, 7, 9, 2, 9, 5, 3, 4, 2, 8, 0, 6, 6], [0, 0, 1, 2, 0, 2, 0, 0, 0, 1, 2, 0, 0, 2, 0, 1, 2, 0, 0, 0, 1, 0, 2, 0, 1, 0, 0, 1, 0, 2, 0, 2, 1, 0, 0, 0, 1, 0, 0, 0, 2, 0, 1, 0, 0, 2, 0, 0, 1, 1, 2, 0, 0, 1, 1], [0, 4, 5, 5, 5, 4, 3, 4, 1, 2, 5, 2, 3, 1, 4, 1, 3, 4, 5, 4, 2, 1, 0, 0, 1, 3, 3, 5, 3, 1, 1, 4, 2, 3, 5, 3, 3, 3, 4, 3, 1, 5, 0, 1, 3, 5, 0, 1, 0, 2, 1, 2, 2, 0, 5])
([1, 5, 0, 7, 0, 2, 3, 6, 1, 3, 6, 1, 3, 4, 7, 9, 4, 9, 8, 4, 1, 5, 0, 7, 4, 1, 9, 3, 5, 7, 8, 9, 2, 5, 8, 8, 5, 2, 0, 6, 0, 4, 7, 8, 9, 2, 9, 5, 3, 4, 2, 8, 0, 6, 6], [0, 0, 1, 2, 0, 2, 0, 0, 0, 1, 2, 0, 0, 2, 0, 1, 2, 0, 0, 2, 1, 0, 2, 0, 1, 0, 0, 1, 0, 2, 0, 2, 1, 0, 0, 0, 1, 0, 0, 0, 2, 0, 1, 0, 0, 2, 0, 0, 1, 1, 2, 0, 0, 1, 1], [0, 4, 5, 5, 5, 4, 3, 4, 1, 2, 5, 2, 3, 1, 4, 1, 3, 4, 5, 4, 2, 1, 0, 0, 1, 3, 3, 5, 3, 1, 1, 4, 2, 3, 5, 3, 3, 3, 4, 3, 1, 5, 0, 1, 3, 5, 0, 1, 0, 2, 1, 2, 2, 0, 5])
运行时间14.409498453140259

2021-01-22 10:22:56
[{'完工时间': (63.34399732056307, 62.76871256383494, 62.989954105378814), '最大机器负荷': 39, '机器总负荷': 170}, {'完工时间': (63.43423260823398, 63.14913672920557, 62.6509891111337), '最大机器负荷': 39, '机器总负荷': 171}, {'完工时间': (55.80345200503444, 56.259326184714425, 55.64085263644397), '最大机器负荷': 43, '机器总负荷': 171}, {'完工时间': (58.27366712076856, 58.18518959281831, 58.567671704428754), '最大机器负荷': 43, '机器总负荷': 169}]
([8, 6, 7, 2, 8, 3, 9, 3, 8, 7, 4, 0, 4, 2, 4, 5, 8, 9, 9, 8, 5, 3, 3, 2, 0, 0, 7, 8, 1, 3, 0, 1, 9, 6, 2, 1, 1, 7, 4, 5, 4, 6, 2, 9, 1, 0, 5, 5, 6, 4, 0, 7, 5, 9, 6], [0, 2, 1, 2, 0, 0, 0, 0, 0, 1, 2, 0, 1, 2, 2, 0, 2, 0, 0, 0, 0, 0, 2, 0, 0, 1, 0, 1, 0, 0, 0, 2, 1, 0, 1, 0, 1, 0, 0, 0, 2, 0, 1, 0, 0, 2, 0, 0, 1, 1, 0, 0, 0, 1, 1], [3, 1, 4, 1, 2, 0, 3, 3, 5, 2, 2, 5, 0, 5, 3, 5, 2, 2, 4, 4, 2, 1, 1, 3, 5, 0, 3, 4, 3, 3, 2, 1, 4, 3, 0, 1, 3, 5, 1, 0, 5, 0, 4, 4, 0, 5, 5, 4, 2, 2, 0, 5, 2, 1, 2])
([8, 6, 7, 2, 8, 3, 9, 3, 7, 8, 4, 0, 4, 2, 4, 5, 8, 9, 9, 8, 5, 3, 3, 2, 0, 0, 8, 7, 3, 1, 0, 1, 9, 6, 2, 1, 1, 7, 4, 5, 4, 6, 2, 9, 0, 5, 5, 6, 1, 4, 0, 7, 5, 9, 6], [0, 2, 1, 2, 0, 0, 0, 0, 0, 1, 2, 0, 1, 2, 2, 0, 2, 0, 0, 0, 0, 0, 2, 0, 1, 1, 0, 1, 0, 2, 0, 2, 1, 0, 1, 0, 1, 0, 0, 0, 2, 0, 1, 0, 0, 2, 0, 0, 1, 1, 0, 0, 0, 1, 1], [3, 1, 4, 1, 2, 0, 3, 3, 5, 2, 2, 5, 0, 5, 3, 5, 2, 2, 4, 4, 2, 1, 1, 3, 5, 0, 3, 4, 3, 3, 2, 1, 4, 3, 0, 1, 3, 5, 1, 0, 5, 0, 4, 4, 0, 5, 5, 4, 2, 2, 0, 5, 2, 1, 2])
([8, 6, 7, 2, 8, 3, 9, 3, 7, 8, 4, 0, 4, 2, 4, 5, 8, 9, 9, 8, 5, 3, 3, 2, 0, 0, 8, 7, 3, 1, 0, 1, 9, 6, 2, 1, 1, 7, 4, 5, 4, 6, 2, 9, 0, 5, 5, 6, 1, 4, 0, 7, 5, 9, 6], [0, 2, 1, 2, 0, 0, 0, 0, 0, 1, 2, 0, 1, 2, 2, 0, 2, 0, 0, 0, 0, 0, 2, 0, 1, 1, 0, 1, 0, 2, 0, 2, 1, 0, 1, 0, 1, 0, 0, 0, 2, 0, 0, 0, 0, 2, 0, 0, 1, 1, 0, 0, 0, 1, 1], [3, 1, 4, 1, 2, 0, 3, 3, 5, 2, 2, 5, 0, 5, 3, 5, 2, 2, 4, 4, 2, 1, 1, 3, 5, 0, 3, 4, 3, 3, 2, 1, 4, 3, 0, 1, 3, 5, 1, 0, 5, 0, 4, 4, 0, 5, 5, 4, 2, 2, 0, 5, 2, 1, 2])
([8, 7, 2, 6, 8, 7, 3, 3, 8, 4, 0, 8, 2, 9, 9, 5, 4, 4, 0, 8, 3, 3, 5, 2, 9, 0, 7, 3, 0, 1, 8, 2, 1, 6, 9, 1, 1, 5, 7, 4, 4, 6, 0, 6, 5, 5, 1, 0, 2, 7, 4, 5, 9, 6, 9], [0, 2, 1, 2, 0, 0, 0, 0, 0, 1, 2, 0, 1, 2, 2, 0, 2, 0, 0, 0, 0, 0, 2, 0, 1, 1, 0, 1, 0, 0, 0, 2, 1, 0, 1, 0, 1, 0, 0, 0, 2, 0, 0, 0, 0, 2, 0, 0, 1, 1, 0, 0, 0, 1, 1], [3, 1, 4, 1, 2, 0, 3, 3, 5, 2, 2, 5, 0, 5, 3, 5, 2, 2, 4, 4, 2, 1, 1, 3, 5, 0, 3, 4, 3, 3, 2, 1, 4, 3, 0, 1, 3, 5, 1, 0, 5, 0, 4, 4, 0, 5, 5, 4, 2, 2, 0, 5, 2, 1, 2])
运行时间14.379544019699097

2021-01-22 10:24:08
[{'完工时间': (79.51633172795998, 80.0646112184623, 79.596402058217), '最大机器负荷': 42, '机器总负荷': 186}, {'完工时间': (78.04196636252254, 77.78855099981297, 77.75035364340772), '最大机器负荷': 42, '机器总负荷': 174}, {'完工时间': (58.384376022338664, 58.99736082523876, 58.755270926545194), '最大机器负荷': 49, '机器总负荷': 176}, {'完工时间': (71.27707857816998, 71.62429850796165, 71.5575093555355), '最大机器负荷': 44, '机器总负荷': 170}, {'完工时间': (64.04703561739781, 64.29744574426432, 64.60808533230191), '最大机器负荷': 49, '机器总负荷': 174}, {'完工时间': (66.98392660838117, 66.64459113724756, 66.94354449798966), '最大机器负荷': 43, '机器总负荷': 176}, {'完工时间': (63.460244535598115, 63.586851374981016, 63.585610425942505), '最大机器负荷': 43, '机器总负荷': 172}, {'完工时间': (63.00580150778821, 63.90202335520386, 63.4205250428117), '最大机器负荷': 43, '机器总负荷': 174}, {'完工时间': (70.65928602446411, 70.56258855662553, 70.67679989035572), '最大机器负荷': 43, '机器总负荷': 170}, {'完工时间': (83.5730106556932, 83.04530786889697, 82.73546503336249), '最大机器负荷': 41, '机器总负荷': 191}]
([9, 4, 5, 1, 7, 9, 4, 7, 5, 6, 7, 5, 4, 2, 2, 0, 9, 4, 3, 9, 3, 2, 5, 3, 5, 4, 0, 9, 7, 6, 6, 8, 6, 0, 1, 0, 1, 8, 2, 8, 5, 3, 2, 4, 8, 8, 0, 7, 1, 9, 0, 3, 8, 6, 1], [0, 0, 0, 2, 0, 2, 0, 0, 0, 1, 2, 0, 1, 2, 0, 0, 0, 0, 0, 1, 1, 0, 2, 0, 1, 1, 0, 1, 0, 2, 0, 2, 1, 0, 1, 0, 1, 0, 0, 0, 0, 0, 1, 0, 1, 2, 0, 2, 0, 1, 2, 0, 0, 1, 1], [3, 5, 4, 1, 3, 1, 3, 4, 5, 1, 3, 3, 1, 2, 2, 1, 1, 1, 1, 4, 5, 3, 1, 3, 4, 0, 3, 0, 0, 5, 5, 1, 3, 5, 2, 2, 3, 3, 0, 3, 4, 1, 0, 4, 2, 3, 2, 3, 0, 5, 4, 3, 3, 0, 4])
([9, 4, 1, 7, 5, 6, 9, 4, 7, 7, 3, 5, 4, 2, 3, 9, 2, 5, 3, 5, 0, 9, 4, 4, 5, 6, 6, 2, 9, 0, 7, 0, 6, 8, 0, 1, 8, 4, 2, 1, 8, 2, 3, 5, 8, 0, 8, 7, 1, 9, 0, 3, 8, 6, 1], [0, 0, 1, 2, 0, 2, 0, 0, 0, 1, 2, 0, 1, 2, 0, 0, 0, 0, 0, 1, 1, 0, 2, 0, 1, 1, 0, 1, 0, 0, 0, 2, 1, 0, 1, 0, 1, 0, 1, 0, 2, 0, 1, 0, 1, 2, 0, 0, 0, 1, 2, 0, 0, 1, 1], [3, 5, 4, 1, 3, 1, 3, 4, 5, 1, 3, 3, 1, 2, 2, 1, 1, 1, 1, 4, 5, 3, 1, 3, 4, 0, 3, 0, 0, 5, 5, 1, 3, 5, 2, 2, 3, 3, 0, 3, 4, 1, 0, 4, 2, 3, 2, 3, 0, 5, 4, 3, 3, 0, 4])
([9, 1, 5, 7, 6, 9, 0, 5, 4, 5, 3, 7, 2, 2, 4, 4, 9, 4, 7, 9, 0, 3, 3, 5, 5, 6, 2, 6, 9, 7, 0, 6, 8, 1, 0, 4, 1, 8, 2, 8, 3, 5, 7, 2, 4, 8, 8, 0, 1, 9, 0, 3, 8, 6, 1], [0, 0, 0, 2, 0, 2, 0, 0, 0, 1, 2, 0, 1, 2, 0, 0, 0, 0, 0, 2, 1, 0, 2, 0, 1, 1, 0, 1, 0, 0, 0, 2, 1, 0, 1, 0, 1, 0, 0, 0, 2, 0, 0, 0, 1, 2, 0, 0, 0, 0, 2, 0, 0, 1, 1], [3, 5, 0, 3, 5, 2, 1, 1, 3, 3, 5, 1, 2, 2, 4, 3, 2, 1, 4, 3, 0, 1, 5, 1, 4, 3, 5, 3, 2, 4, 1, 5, 3, 0, 0, 0, 4, 4, 2, 0, 5, 1, 4, 4, 0, 2, 2, 1, 0, 2, 0, 0, 2, 1, 1])
([9, 1, 5, 7, 6, 9, 0, 5, 4, 5, 3, 7, 2, 2, 4, 4, 9, 4, 7, 9, 5, 3, 3, 5, 0, 6, 2, 6, 9, 7, 0, 6, 8, 1, 0, 4, 1, 8, 2, 8, 3, 5, 7, 2, 4, 8, 8, 0, 1, 9, 0, 3, 8, 6, 1], [0, 2, 1, 2, 0, 2, 0, 0, 0, 1, 2, 0, 1, 2, 0, 0, 0, 0, 0, 2, 1, 0, 2, 0, 1, 1, 0, 1, 0, 0, 0, 2, 1, 0, 1, 0, 1, 0, 1, 0, 2, 0, 1, 0, 1, 2, 0, 0, 0, 0, 2, 0, 0, 1, 1], [3, 5, 0, 3, 5, 2, 1, 1, 3, 3, 5, 1, 2, 2, 4, 3, 2, 1, 4, 3, 0, 1, 5, 1, 4, 3, 5, 3, 2, 4, 1, 5, 3, 0, 0, 0, 4, 4, 2, 0, 5, 1, 4, 4, 0, 2, 2, 1, 0, 2, 0, 0, 2, 1, 1])
([9, 1, 5, 7, 6, 9, 0, 5, 4, 5, 3, 7, 2, 2, 4, 4, 9, 4, 7, 9, 5, 3, 3, 5, 0, 6, 2, 6, 9, 7, 0, 6, 8, 1, 0, 4, 1, 8, 2, 8, 3, 5, 7, 2, 4, 8, 8, 0, 1, 9, 0, 3, 8, 6, 1], [0, 0, 1, 2, 0, 2, 0, 0, 0, 1, 2, 0, 1, 2, 0, 0, 0, 0, 0, 2, 1, 0, 2, 0, 1, 1, 0, 1, 0, 0, 0, 2, 1, 0, 1, 0, 1, 0, 0, 0, 2, 0, 0, 0, 1, 2, 0, 0, 0, 0, 2, 0, 0, 1, 1], [3, 5, 0, 3, 5, 2, 1, 1, 3, 3, 5, 1, 2, 2, 4, 3, 2, 1, 4, 3, 0, 1, 5, 1, 4, 3, 5, 3, 2, 4, 1, 5, 3, 0, 0, 0, 4, 4, 2, 0, 5, 1, 4, 4, 0, 2, 2, 1, 0, 2, 0, 0, 2, 1, 1])
([9, 1, 5, 7, 6, 9, 0, 5, 4, 5, 3, 7, 2, 2, 4, 4, 9, 4, 7, 9, 3, 5, 3, 0, 5, 6, 2, 6, 9, 7, 0, 6, 1, 8, 0, 4, 1, 8, 2, 8, 3, 5, 7, 2, 4, 8, 8, 0, 1, 9, 0, 3, 8, 6, 1], [0, 0, 1, 2, 0, 2, 0, 0, 0, 1, 2, 0, 1, 2, 0, 0, 0, 0, 0, 2, 1, 0, 2, 0, 1, 1, 0, 1, 0, 0, 0, 2, 1, 0, 1, 0, 1, 0, 1, 0, 0, 0, 1, 0, 1, 2, 0, 0, 0, 0, 2, 0, 0, 1, 1], [3, 5, 0, 3, 5, 2, 1, 1, 3, 3, 5, 1, 2, 2, 4, 3, 2, 1, 4, 3, 0, 1, 5, 1, 4, 3, 5, 3, 2, 4, 1, 5, 3, 0, 0, 0, 4, 4, 2, 0, 5, 1, 4, 4, 0, 2, 2, 1, 0, 2, 0, 0, 2, 1, 1])
([9, 1, 5, 7, 6, 9, 0, 5, 4, 5, 3, 7, 2, 2, 4, 4, 9, 4, 7, 9, 3, 5, 3, 0, 5, 6, 2, 6, 9, 7, 0, 6, 1, 0, 8, 4, 1, 8, 2, 8, 3, 5, 7, 2, 4, 8, 8, 0, 1, 9, 8, 3, 0, 6, 1], [0, 0, 1, 2, 0, 2, 0, 0, 0, 1, 2, 0, 1, 2, 0, 0, 0, 0, 0, 2, 1, 0, 2, 0, 1, 1, 0, 1, 0, 0, 0, 2, 1, 0, 1, 0, 1, 0, 1, 0, 2, 0, 1, 0, 1, 2, 0, 0, 0, 0, 2, 0, 0, 1, 1], [3, 5, 0, 3, 5, 2, 1, 1, 3, 3, 5, 1, 2, 2, 4, 3, 2, 1, 4, 3, 0, 1, 5, 1, 4, 3, 5, 3, 2, 4, 1, 5, 3, 0, 0, 0, 4, 4, 2, 0, 5, 1, 4, 4, 0, 2, 2, 1, 0, 2, 0, 0, 2, 1, 1])
([9, 1, 5, 7, 6, 9, 0, 5, 4, 5, 3, 7, 2, 2, 4, 4, 9, 4, 7, 9, 0, 3, 3, 5, 5, 6, 2, 6, 9, 7, 0, 6, 1, 8, 0, 4, 1, 8, 2, 8, 3, 5, 7, 2, 4, 8, 8, 0, 1, 9, 0, 8, 3, 6, 1], [0, 0, 1, 2, 0, 2, 0, 0, 0, 1, 2, 0, 1, 2, 0, 0, 0, 0, 0, 2, 1, 0, 2, 0, 1, 1, 0, 1, 0, 0, 0, 2, 1, 0, 1, 0, 1, 0, 0, 0, 2, 0, 1, 0, 1, 2, 0, 0, 0, 0, 2, 0, 0, 1, 1], [3, 5, 0, 3, 5, 2, 1, 1, 3, 3, 5, 1, 2, 2, 4, 3, 2, 1, 4, 3, 0, 1, 5, 1, 4, 3, 5, 3, 2, 4, 1, 5, 3, 0, 0, 0, 4, 4, 2, 0, 5, 1, 4, 4, 0, 2, 2, 1, 0, 2, 0, 0, 2, 1, 1])
([9, 4, 7, 6, 5, 9, 1, 7, 3, 4, 2, 5, 2, 7, 4, 9, 0, 5, 4, 5, 9, 3, 3, 6, 5, 6, 2, 4, 9, 0, 7, 8, 0, 6, 0, 1, 4, 8, 2, 8, 3, 1, 2, 5, 8, 8, 0, 7, 1, 9, 0, 3, 8, 6, 1], [0, 0, 1, 2, 0, 2, 0, 0, 0, 1, 2, 0, 1, 2, 0, 0, 0, 0, 0, 2, 1, 0, 2, 0, 1, 1, 0, 1, 0, 0, 0, 2, 1, 0, 1, 0, 1, 0, 1, 0, 2, 0, 1, 0, 1, 2, 0, 0, 0, 1, 2, 0, 0, 1, 1], [3, 5, 4, 1, 3, 1, 3, 4, 5, 1, 3, 3, 1, 2, 2, 1, 1, 1, 1, 4, 5, 3, 1, 3, 4, 0, 3, 0, 0, 5, 5, 1, 3, 5, 2, 2, 3, 3, 0, 3, 4, 1, 0, 4, 2, 3, 2, 3, 0, 5, 4, 3, 3, 0, 4])
([9, 1, 5, 7, 6, 9, 0, 5, 4, 5, 3, 7, 2, 2, 4, 4, 9, 4, 7, 9, 3, 3, 0, 5, 5, 6, 2, 6, 9, 7, 0, 6, 0, 1, 8, 4, 1, 8, 2, 8, 3, 5, 6, 2, 4, 8, 8, 0, 1, 9, 8, 3, 0, 7, 1], [0, 1, 1, 2, 0, 2, 0, 0, 0, 1, 2, 0, 1, 2, 0, 1, 0, 0, 0, 2, 0, 0, 2, 0, 1, 1, 0, 1, 0, 2, 0, 0, 1, 0, 1, 0, 1, 0, 1, 0, 0, 0, 1, 0, 1, 2, 0, 0, 1, 0, 2, 0, 0, 1, 0], [3, 5, 0, 3, 5, 2, 1, 1, 3, 3, 5, 1, 2, 2, 4, 3, 2, 1, 4, 3, 0, 1, 5, 1, 4, 3, 5, 3, 2, 4, 1, 5, 3, 0, 0, 0, 4, 4, 2, 0, 5, 1, 4, 4, 0, 2, 2, 1, 0, 2, 0, 0, 2, 1, 1])
运行时间14.509204149246216

2021-01-22 10:39:03
[{'完工时间': (262.47566006025824, 261.9065134285336, 261.9403136009808), '最大机器负荷': 194, '机器总负荷': 693}, {'完工时间': (246.54512729993064, 246.73759381577827, 247.139811048483), '最大机器负荷': 182, '机器总负荷': 703}, {'完工时间': (255.54802390583825, 255.82374451187496, 255.4265838496255), '最大机器负荷': 193, '机器总负荷': 689}, {'完工时间': (247.9024082448114, 247.96985218781452, 247.4926064715251), '最大机器负荷': 194, '机器总负荷': 698}, {'完工时间': (250.49542889381715, 251.07667248419406, 251.30119362885304), '最大机器负荷': 188, '机器总负荷': 696}, {'完工时间': (254.22497557725114, 254.49055970310314, 254.36700373178957), '最大机器负荷': 191, '机器总负荷': 691}, {'完工时间': (246.41247840242625, 246.92891285612387, 246.25185929152244), '最大机器负荷': 182, '机器总负荷': 702}, {'完工时间': (246.02698564867535, 245.9388103949795, 245.92091621217884), '最大机器负荷': 189, '机器总负荷': 699}, {'完工时间': (247.26497585512345, 247.48156033624366, 247.33102719497177), '最大机器负荷': 188, '机器总负荷': 698}, {'完工时间': (238.93075718976488, 238.55340761917893, 238.46813860970323), '最大机器负荷': 192, '机器总负荷': 701}, {'完工时间': (263.30374484465466, 263.94492308902164, 263.27925385020467), '最大机器负荷': 187, '机器总负荷': 690}, {'完工时间': (251.76337841535548, 252.01661612170918, 251.6810621368757), '最大机器负荷': 182, '机器总负荷': 700}, {'完工时间': (238.63811021174317, 238.80168271857843, 238.7803699996968), '最大机器负荷': 200, '机器总负荷': 696}, {'完工时间': (238.08504422630068, 238.08691217160467, 238.15086563861465), '最大机器负荷': 187, '机器总负荷': 700}, {'完工时间': (254.42604286850704, 254.18210312038343, 254.09085225397766), '最大机器负荷': 186, '机器总负荷': 695}]
([5, 8, 13, 9, 0, 4, 1, 10, 9, 7, 12, 1, 5, 10, 0, 2, 12, 2, 12, 9, 11, 0, 14, 9, 7, 9, 5, 3, 4, 8, 6, 11, 14, 12, 6, 8, 7, 9, 4, 4, 8, 0, 13, 14, 8, 11, 0, 5, 6, 2, 2, 2, 9, 13, 5, 10, 3, 11, 8, 13, 12, 14, 2, 10, 2, 12, 13, 5, 1, 13, 3, 4, 7, 8, 14, 9, 6, 1, 2, 7, 7, 14, 6, 9, 3, 1, 0, 12, 10, 11, 13, 7, 8, 5, 3, 7, 8, 3, 3, 4, 5, 10, 10, 11, 5, 14], [1, 0, 1, 0, 0, 1, 0, 1, 0, 1, 1, 0, 0, 1, 0, 1, 0, 1, 1, 1, 0, 0, 0, 1, 1, 0, 1, 1, 0, 0, 0, 1, 0, 0, 0, 1, 1, 0, 1, 0, 1, 0, 1, 0, 1, 0, 0, 0, 0, 1, 0, 0, 1, 1, 0, 0, 0, 1, 0, 1, 1, 1, 0, 1, 0, 0, 1, 1, 0, 0, 0, 1, 1, 0, 1, 0, 0, 0, 1, 0, 0, 0, 1, 0, 0, 0, 1, 1, 0, 1, 0, 1, 1, 1, 1, 0, 1, 1, 0, 0, 0, 1, 0, 1, 1, 1], [2, 1, 0, 0, 0, 2, 3, 3, 2, 0, 1, 0, 1, 3, 2, 3, 0, 3, 1, 3, 1, 1, 3, 2, 2, 1, 0, 3, 3, 1, 3, 0, 3, 1, 1, 3, 2, 1, 0, 3, 0, 1, 3, 2, 2, 3, 0, 1, 1, 0, 2, 2, 0, 1, 2, 3, 1, 2, 0, 2, 1, 3, 3, 1, 2, 3, 1, 0, 2, 1, 0, 2, 0, 2, 3, 1, 0, 3, 3, 2, 2, 0, 1, 3, 2, 3, 0, 3, 0, 2, 0, 1, 2, 1, 0, 3, 0, 3, 2, 3, 3, 0, 1, 2, 3, 3])
([5, 8, 13, 9, 0, 4, 1, 10, 9, 7, 12, 1, 5, 10, 0, 2, 12, 2, 9, 12, 11, 0, 14, 9, 7, 9, 5, 3, 4, 8, 6, 11, 14, 12, 6, 8, 7, 9, 4, 4, 8, 0, 13, 14, 8, 11, 0, 5, 6, 2, 2, 2, 9, 13, 5, 10, 3, 11, 8, 13, 12, 14, 2, 10, 2, 12, 13, 5, 1, 13, 3, 4, 7, 8, 14, 9, 6, 1, 2, 7, 7, 14, 6, 9, 3, 1, 0, 12, 10, 11, 13, 7, 8, 5, 3, 7, 8, 3, 3, 4, 5, 10, 10, 11, 5, 14], [1, 0, 1, 0, 0, 1, 0, 1, 0, 1, 1, 0, 0, 1, 0, 1, 0, 1, 1, 1, 0, 0, 0, 1, 1, 0, 1, 1, 0, 0, 0, 1, 0, 0, 0, 1, 1, 0, 1, 0, 0, 0, 1, 0, 1, 0, 0, 0, 0, 1, 0, 0, 1, 1, 0, 0, 1, 1, 0, 1, 0, 1, 0, 0, 0, 0, 0, 1, 0, 0, 0, 1, 1, 0, 1, 0, 0, 0, 1, 0, 0, 0, 1, 0, 0, 0, 0, 0, 1, 1, 0, 1, 1, 1, 1, 0, 1, 1, 0, 0, 0, 1, 0, 1, 1, 1], [2, 1, 0, 0, 0, 2, 3, 3, 2, 0, 1, 0, 1, 3, 2, 3, 0, 3, 1, 3, 1, 1, 3, 2, 2, 1, 0, 3, 3, 1, 3, 0, 3, 1, 1, 3, 2, 1, 0, 3, 0, 1, 3, 2, 2, 3, 0, 1, 1, 0, 2, 2, 0, 1, 2, 3, 1, 2, 0, 2, 1, 3, 3, 1, 2, 3, 1, 0, 2, 1, 0, 2, 0, 2, 3, 1, 0, 3, 3, 2, 2, 0, 1, 3, 2, 3, 0, 3, 0, 2, 0, 1, 2, 1, 0, 3, 0, 3, 2, 3, 3, 0, 1, 2, 3, 3])
([5, 8, 13, 9, 0, 4, 1, 10, 9, 7, 12, 1, 5, 10, 0, 2, 12, 2, 9, 12, 11, 0, 9, 14, 7, 9, 5, 3, 4, 8, 6, 11, 6, 12, 7, 8, 14, 4, 9, 4, 8, 0, 13, 14, 8, 11, 0, 5, 6, 2, 2, 2, 9, 13, 5, 10, 3, 11, 8, 13, 12, 2, 2, 10, 14, 12, 13, 1, 5, 13, 3, 4, 7, 8, 14, 9, 6, 1, 2, 7, 7, 6, 9, 14, 3, 1, 0, 12, 10, 11, 13, 7, 8, 5, 3, 7, 8, 3, 3, 4, 5, 10, 10, 5, 11, 14], [1, 0, 1, 0, 0, 1, 0, 1, 0, 1, 1, 0, 0, 1, 0, 1, 0, 1, 1, 1, 0, 0, 0, 1, 1, 0, 1, 1, 0, 0, 0, 1, 0, 0, 0, 1, 1, 0, 1, 0, 0, 0, 1, 0, 0, 0, 1, 0, 0, 1, 0, 0, 1, 1, 0, 0, 0, 1, 0, 1, 0, 1, 0, 1, 0, 0, 1, 1, 0, 0, 0, 0, 1, 0, 1, 0, 0, 0, 1, 0, 0, 0, 1, 0, 0, 0, 1, 1, 0, 1, 0, 1, 1, 1, 1, 0, 1, 1, 0, 0, 0, 1, 0, 1, 1, 1], [2, 1, 0, 0, 0, 2, 3, 3, 2, 0, 1, 0, 1, 3, 2, 3, 0, 3, 1, 3, 1, 1, 3, 2, 2, 1, 0, 3, 3, 1, 3, 0, 3, 1, 1, 3, 2, 1, 0, 3, 0, 1, 3, 2, 2, 3, 0, 1, 1, 0, 2, 2, 0, 1, 2, 3, 1, 2, 0, 2, 1, 3, 3, 1, 2, 3, 1, 0, 2, 1, 0, 2, 0, 2, 3, 1, 0, 3, 3, 2, 2, 0, 1, 3, 2, 3, 0, 3, 0, 2, 0, 1, 2, 1, 0, 3, 0, 3, 2, 3, 3, 0, 1, 2, 3, 3])
([5, 8, 13, 9, 0, 4, 1, 10, 9, 7, 12, 1, 5, 10, 0, 2, 12, 2, 12, 9, 11, 0, 14, 9, 7, 9, 5, 3, 4, 8, 6, 11, 14, 12, 6, 7, 8, 9, 4, 4, 8, 0, 13, 14, 8, 11, 0, 5, 6, 2, 2, 2, 9, 13, 5, 10, 3, 11, 8, 13, 12, 14, 2, 10, 2, 12, 13, 5, 1, 13, 3, 4, 7, 8, 14, 9, 6, 1, 2, 7, 7, 14, 6, 9, 3, 1, 0, 12, 10, 11, 13, 7, 8, 5, 3, 7, 8, 3, 3, 4, 5, 10, 10, 11, 5, 14], [1, 0, 1, 0, 0, 1, 0, 1, 0, 1, 1, 0, 0, 1, 0, 1, 0, 1, 1, 1, 0, 0, 0, 1, 1, 0, 1, 1, 0, 0, 0, 1, 0, 0, 0, 1, 1, 0, 1, 0, 1, 0, 1, 0, 1, 0, 0, 0, 0, 1, 0, 0, 1, 1, 0, 0, 0, 1, 0, 1, 1, 1, 0, 0, 0, 0, 0, 1, 0, 0, 0, 1, 1, 0, 1, 0, 0, 0, 1, 0, 0, 0, 1, 0, 0, 0, 1, 1, 0, 1, 0, 1, 1, 1, 1, 0, 1, 1, 0, 0, 0, 1, 0, 1, 1, 1], [2, 1, 0, 0, 0, 2, 3, 3, 2, 0, 1, 0, 1, 3, 2, 3, 0, 3, 1, 3, 1, 1, 3, 2, 2, 1, 0, 3, 3, 1, 3, 0, 3, 1, 1, 3, 2, 1, 0, 3, 0, 1, 3, 2, 2, 3, 0, 1, 1, 0, 2, 2, 0, 1, 2, 3, 1, 2, 0, 2, 1, 3, 3, 1, 2, 3, 1, 0, 2, 1, 0, 2, 0, 2, 3, 1, 0, 3, 3, 2, 2, 0, 1, 3, 2, 3, 0, 3, 0, 2, 0, 1, 2, 1, 0, 3, 0, 3, 2, 3, 3, 0, 1, 2, 3, 3])
([5, 8, 13, 9, 0, 4, 1, 10, 9, 7, 12, 1, 5, 10, 0, 2, 12, 2, 12, 9, 11, 0, 14, 9, 7, 9, 5, 3, 4, 8, 6, 11, 14, 12, 6, 8, 7, 9, 4, 4, 8, 0, 13, 14, 8, 11, 0, 5, 6, 2, 2, 2, 9, 13, 5, 10, 3, 11, 8, 13, 12, 14, 2, 10, 2, 12, 13, 5, 1, 13, 3, 4, 7, 8, 14, 9, 6, 1, 2, 7, 7, 14, 6, 9, 3, 1, 0, 12, 10, 11, 13, 7, 8, 5, 3, 7, 8, 3, 3, 4, 5, 10, 10, 11, 5, 14], [1, 0, 1, 0, 0, 1, 0, 1, 0, 1, 1, 0, 0, 1, 0, 1, 0, 1, 1, 1, 0, 0, 0, 1, 1, 0, 1, 1, 0, 0, 0, 1, 0, 0, 0, 1, 1, 0, 1, 0, 1, 0, 1, 0, 1, 0, 0, 0, 0, 1, 0, 0, 1, 1, 0, 0, 0, 1, 0, 1, 0, 1, 0, 1, 0, 0, 0, 1, 0, 0, 0, 1, 1, 0, 1, 0, 0, 0, 1, 0, 0, 0, 1, 0, 0, 0, 1, 1, 0, 1, 0, 1, 1, 1, 1, 0, 1, 1, 0, 0, 0, 1, 0, 1, 1, 1], [2, 1, 0, 0, 0, 2, 3, 3, 2, 0, 1, 0, 1, 3, 2, 3, 0, 3, 1, 3, 1, 1, 3, 2, 2, 1, 0, 3, 3, 1, 3, 0, 3, 1, 1, 3, 2, 1, 0, 3, 0, 1, 3, 2, 2, 3, 0, 1, 1, 0, 2, 2, 0, 1, 2, 3, 1, 2, 0, 2, 1, 3, 3, 1, 2, 3, 1, 0, 2, 1, 0, 2, 0, 2, 3, 1, 0, 3, 3, 2, 2, 0, 1, 3, 2, 3, 0, 3, 0, 2, 0, 1, 2, 1, 0, 3, 0, 3, 2, 3, 3, 0, 1, 2, 3, 3])
([5, 8, 13, 9, 0, 4, 1, 10, 9, 7, 12, 1, 5, 10, 0, 2, 12, 2, 12, 9, 11, 0, 14, 9, 7, 9, 5, 3, 4, 8, 6, 11, 14, 12, 6, 8, 7, 9, 4, 4, 8, 0, 13, 14, 8, 11, 0, 5, 6, 2, 2, 2, 9, 13, 5, 10, 3, 11, 8, 13, 12, 14, 2, 10, 2, 12, 13, 5, 1, 13, 3, 4, 7, 8, 14, 9, 6, 1, 2, 7, 7, 14, 6, 9, 3, 1, 12, 0, 10, 11, 13, 7, 8, 5, 3, 7, 8, 3, 3, 4, 5, 10, 10, 11, 5, 14], [1, 0, 1, 0, 0, 1, 0, 1, 0, 1, 1, 0, 0, 1, 0, 1, 0, 1, 1, 1, 0, 0, 0, 1, 1, 0, 1, 1, 0, 0, 0, 1, 0, 0, 0, 1, 1, 0, 1, 0, 0, 0, 1, 0, 0, 0, 1, 0, 0, 1, 0, 0, 1, 1, 0, 0, 1, 1, 0, 1, 1, 1, 0, 1, 0, 0, 1, 1, 0, 0, 0, 1, 1, 0, 1, 0, 0, 0, 1, 0, 0, 0, 1, 0, 0, 0, 1, 1, 0, 1, 0, 1, 1, 1, 1, 0, 1, 1, 0, 0, 0, 1, 0, 1, 1, 1], [2, 1, 0, 0, 0, 2, 3, 3, 2, 0, 1, 0, 1, 3, 2, 3, 0, 3, 1, 3, 1, 1, 3, 2, 2, 1, 0, 3, 3, 1, 3, 0, 3, 1, 1, 3, 2, 1, 0, 3, 0, 1, 3, 2, 2, 3, 0, 1, 1, 0, 2, 2, 0, 1, 2, 3, 1, 2, 0, 2, 1, 3, 3, 1, 2, 3, 1, 0, 2, 1, 0, 2, 0, 2, 3, 1, 0, 3, 3, 2, 2, 0, 1, 3, 2, 3, 0, 3, 0, 2, 0, 1, 2, 1, 0, 3, 0, 3, 2, 3, 3, 0, 1, 2, 3, 3])
([5, 8, 13, 9, 0, 4, 1, 10, 9, 7, 12, 1, 5, 10, 0, 2, 12, 2, 9, 12, 11, 0, 14, 9, 7, 9, 5, 3, 4, 8, 6, 11, 14, 12, 6, 8, 7, 9, 4, 4, 8, 0, 13, 14, 8, 11, 0, 5, 6, 2, 2, 2, 9, 13, 5, 10, 3, 11, 8, 13, 12, 14, 2, 10, 2, 12, 13, 5, 1, 13, 3, 4, 7, 8, 14, 9, 6, 1, 2, 7, 7, 14, 6, 9, 3, 1, 0, 12, 10, 11, 13, 7, 8, 5, 3, 7, 8, 3, 3, 4, 5, 10, 10, 11, 5, 14], [1, 0, 1, 0, 0, 1, 0, 1, 0, 1, 1, 0, 0, 1, 0, 1, 0, 1, 1, 1, 0, 0, 0, 1, 1, 0, 1, 1, 0, 0, 0, 1, 0, 0, 0, 1, 1, 0, 1, 0, 1, 0, 1, 0, 1, 0, 0, 0, 0, 1, 0, 0, 1, 1, 0, 0, 0, 1, 0, 1, 0, 1, 0, 0, 0, 0, 0, 1, 0, 0, 0, 1, 1, 0, 1, 0, 0, 0, 1, 0, 0, 0, 1, 0, 0, 0, 0, 0, 1, 1, 0, 1, 1, 1, 1, 0, 1, 1, 0, 0, 0, 1, 0, 1, 1, 1], [2, 1, 0, 0, 0, 2, 3, 3, 2, 0, 1, 0, 1, 3, 2, 3, 0, 3, 1, 3, 1, 1, 3, 2, 2, 1, 0, 3, 3, 1, 3, 0, 3, 1, 1, 3, 2, 1, 0, 3, 0, 1, 3, 2, 2, 3, 0, 1, 1, 0, 2, 2, 0, 1, 2, 3, 1, 2, 0, 2, 1, 3, 3, 1, 2, 3, 1, 0, 2, 1, 0, 2, 0, 2, 3, 1, 0, 3, 3, 2, 2, 0, 1, 3, 2, 3, 0, 3, 0, 2, 0, 1, 2, 1, 0, 3, 0, 3, 2, 3, 3, 0, 1, 2, 3, 3])
([5, 8, 13, 9, 0, 4, 1, 10, 9, 7, 12, 1, 5, 10, 0, 2, 12, 2, 12, 9, 11, 0, 14, 9, 7, 9, 5, 3, 4, 8, 6, 11, 14, 12, 6, 7, 8, 9, 4, 4, 8, 0, 13, 14, 8, 11, 0, 5, 6, 2, 2, 2, 9, 13, 5, 10, 3, 11, 8, 13, 12, 14, 2, 10, 2, 12, 13, 5, 1, 13, 3, 4, 7, 8, 14, 9, 6, 1, 2, 7, 7, 14, 6, 9, 3, 1, 12, 0, 10, 11, 13, 7, 8, 5, 3, 7, 8, 3, 3, 4, 5, 10, 10, 11, 5, 14], [1, 0, 1, 0, 0, 1, 0, 1, 0, 1, 1, 0, 0, 1, 0, 1, 0, 1, 1, 1, 0, 0, 0, 1, 1, 0, 1, 1, 0, 0, 0, 1, 0, 0, 0, 1, 1, 0, 1, 0, 1, 0, 1, 0, 1, 0, 0, 0, 0, 1, 0, 0, 1, 1, 0, 0, 1, 1, 0, 1, 1, 1, 0, 0, 0, 0, 0, 1, 0, 0, 0, 1, 1, 0, 1, 0, 0, 0, 1, 0, 0, 0, 1, 0, 0, 0, 1, 1, 0, 1, 0, 1, 1, 1, 1, 0, 1, 1, 0, 0, 0, 1, 0, 1, 1, 1], [2, 1, 0, 0, 0, 2, 3, 3, 2, 0, 1, 0, 1, 3, 2, 3, 0, 3, 1, 3, 1, 1, 3, 2, 2, 1, 0, 3, 3, 1, 3, 0, 3, 1, 1, 3, 2, 1, 0, 3, 0, 1, 3, 2, 2, 3, 0, 1, 1, 0, 2, 2, 0, 1, 2, 3, 1, 2, 0, 2, 1, 3, 3, 1, 2, 3, 1, 0, 2, 1, 0, 2, 0, 2, 3, 1, 0, 3, 3, 2, 2, 0, 1, 3, 2, 3, 0, 3, 0, 2, 0, 1, 2, 1, 0, 3, 0, 3, 2, 3, 3, 0, 1, 2, 3, 3])
([5, 8, 13, 9, 0, 4, 1, 10, 9, 7, 12, 1, 5, 10, 0, 2, 12, 2, 12, 9, 11, 0, 14, 9, 7, 9, 5, 3, 4, 8, 6, 11, 14, 12, 6, 8, 7, 9, 4, 4, 8, 0, 13, 14, 8, 11, 0, 5, 6, 2, 2, 2, 9, 13, 5, 10, 3, 11, 8, 13, 12, 14, 2, 10, 2, 12, 13, 5, 1, 13, 3, 4, 7, 8, 14, 9, 6, 1, 2, 7, 7, 14, 6, 9, 3, 1, 0, 12, 10, 11, 13, 7, 8, 5, 3, 7, 8, 3, 3, 4, 5, 10, 10, 11, 5, 14], [1, 0, 1, 0, 0, 1, 0, 1, 0, 1, 1, 0, 0, 1, 0, 1, 0, 1, 1, 1, 0, 0, 0, 1, 1, 0, 1, 1, 0, 0, 0, 1, 0, 0, 0, 1, 1, 0, 1, 0, 1, 0, 1, 0, 1, 0, 0, 0, 0, 1, 0, 0, 1, 1, 0, 0, 0, 1, 0, 1, 0, 1, 0, 0, 0, 0, 0, 1, 0, 0, 0, 1, 1, 0, 1, 0, 0, 0, 1, 0, 0, 0, 1, 0, 0, 0, 1, 1, 0, 1, 0, 1, 1, 1, 1, 0, 1, 1, 0, 0, 0, 1, 0, 1, 1, 1], [2, 1, 0, 0, 0, 2, 3, 3, 2, 0, 1, 0, 1, 3, 2, 3, 0, 3, 1, 3, 1, 1, 3, 2, 2, 1, 0, 3, 3, 1, 3, 0, 3, 1, 1, 3, 2, 1, 0, 3, 0, 1, 3, 2, 2, 3, 0, 1, 1, 0, 2, 2, 0, 1, 2, 3, 1, 2, 0, 2, 1, 3, 3, 1, 2, 3, 1, 0, 2, 1, 0, 2, 0, 2, 3, 1, 0, 3, 3, 2, 2, 0, 1, 3, 2, 3, 0, 3, 0, 2, 0, 1, 2, 1, 0, 3, 0, 3, 2, 3, 3, 0, 1, 2, 3, 3])
([5, 8, 13, 9, 0, 4, 1, 10, 9, 7, 12, 1, 5, 10, 0, 2, 12, 2, 9, 12, 11, 0, 14, 9, 7, 9, 5, 3, 4, 8, 6, 11, 14, 12, 6, 8, 7, 9, 4, 4, 8, 0, 13, 14, 8, 11, 0, 5, 6, 2, 2, 2, 9, 13, 5, 10, 3, 11, 8, 13, 12, 14, 2, 10, 2, 12, 13, 5, 1, 13, 3, 4, 7, 8, 14, 9, 6, 1, 2, 7, 7, 14, 6, 9, 3, 1, 0, 12, 10, 11, 13, 7, 8, 5, 3, 7, 8, 3, 3, 4, 5, 10, 10, 11, 5, 14], [1, 0, 1, 0, 0, 1, 0, 1, 0, 1, 1, 0, 0, 1, 0, 1, 0, 1, 1, 1, 0, 0, 0, 1, 1, 0, 1, 1, 0, 0, 0, 1, 0, 0, 0, 1, 1, 0, 1, 0, 0, 0, 1, 0, 0, 0, 0, 0, 0, 1, 0, 0, 1, 1, 0, 0, 0, 1, 0, 1, 0, 1, 0, 0, 0, 0, 0, 1, 0, 0, 0, 1, 1, 0, 1, 0, 0, 0, 1, 0, 0, 0, 1, 0, 0, 0, 0, 0, 1, 1, 0, 1, 1, 1, 1, 0, 1, 1, 0, 0, 0, 1, 0, 1, 1, 1], [2, 1, 0, 0, 0, 2, 3, 3, 2, 0, 1, 0, 1, 3, 2, 3, 0, 3, 1, 3, 1, 1, 3, 2, 2, 1, 0, 3, 3, 1, 3, 0, 3, 1, 1, 3, 2, 1, 0, 3, 0, 1, 3, 2, 2, 3, 0, 1, 1, 0, 2, 2, 0, 1, 2, 3, 1, 2, 0, 2, 1, 3, 3, 1, 2, 3, 1, 0, 2, 1, 0, 2, 0, 2, 3, 1, 0, 3, 3, 2, 2, 0, 1, 3, 2, 3, 0, 3, 0, 2, 0, 1, 2, 1, 0, 3, 0, 3, 2, 3, 3, 0, 1, 2, 3, 3])
([5, 8, 13, 9, 0, 4, 1, 10, 9, 7, 12, 1, 5, 10, 0, 2, 12, 2, 9, 12, 11, 0, 9, 14, 7, 9, 5, 3, 4, 8, 6, 11, 14, 12, 6, 7, 8, 4, 9, 4, 8, 0, 13, 14, 8, 11, 0, 5, 6, 2, 2, 2, 9, 13, 5, 10, 3, 11, 8, 13, 12, 2, 2, 10, 14, 12, 13, 1, 5, 13, 3, 4, 7, 8, 14, 9, 6, 1, 2, 7, 7, 14, 9, 6, 3, 1, 0, 12, 10, 11, 13, 7, 8, 5, 3, 7, 8, 3, 3, 4, 5, 10, 10, 11, 5, 14], [1, 0, 1, 0, 0, 1, 0, 1, 0, 1, 1, 0, 0, 1, 0, 1, 0, 1, 1, 1, 0, 0, 0, 1, 1, 0, 1, 1, 0, 0, 0, 1, 0, 0, 0, 1, 1, 0, 1, 0, 1, 0, 1, 0, 1, 0, 1, 0, 0, 1, 0, 0, 1, 1, 0, 0, 0, 1, 0, 1, 0, 1, 0, 1, 0, 0, 1, 1, 0, 0, 0, 0, 1, 0, 1, 0, 0, 0, 1, 0, 0, 0, 1, 0, 0, 0, 1, 1, 0, 1, 0, 1, 1, 1, 1, 0, 1, 1, 0, 0, 0, 1, 0, 1, 1, 1], [2, 1, 0, 0, 0, 2, 3, 3, 2, 0, 1, 0, 1, 3, 2, 3, 0, 3, 1, 3, 1, 1, 3, 2, 2, 1, 0, 3, 3, 1, 3, 0, 3, 1, 1, 3, 2, 1, 0, 3, 0, 1, 3, 2, 2, 3, 0, 1, 1, 0, 2, 2, 0, 1, 2, 3, 1, 2, 0, 2, 1, 3, 3, 1, 2, 3, 1, 0, 2, 1, 0, 2, 0, 2, 3, 1, 0, 3, 3, 2, 2, 0, 1, 3, 2, 3, 0, 3, 0, 2, 0, 1, 2, 1, 0, 3, 0, 3, 2, 3, 3, 0, 1, 2, 3, 3])
([5, 8, 13, 9, 0, 4, 1, 10, 9, 7, 12, 1, 5, 10, 0, 2, 12, 2, 12, 9, 11, 0, 14, 9, 7, 9, 5, 3, 4, 8, 6, 11, 14, 12, 6, 8, 7, 9, 4, 4, 8, 0, 13, 14, 8, 11, 0, 5, 6, 2, 2, 2, 9, 13, 5, 10, 3, 11, 8, 13, 12, 14, 2, 10, 2, 12, 13, 5, 1, 13, 3, 4, 7, 8, 14, 9, 6, 1, 2, 7, 7, 14, 6, 9, 3, 1, 0, 12, 10, 11, 13, 7, 8, 5, 3, 7, 8, 3, 3, 4, 5, 10, 10, 11, 5, 14], [1, 0, 1, 0, 0, 1, 0, 1, 0, 1, 1, 0, 0, 1, 0, 1, 0, 1, 1, 1, 0, 0, 0, 1, 1, 0, 1, 1, 0, 0, 0, 1, 0, 0, 0, 1, 1, 0, 1, 0, 1, 0, 1, 0, 1, 0, 0, 0, 0, 1, 0, 0, 1, 1, 0, 0, 0, 1, 0, 1, 0, 1, 0, 1, 0, 0, 0, 1, 0, 0, 0, 1, 1, 0, 1, 0, 0, 0, 1, 0, 0, 0, 1, 0, 0, 0, 0, 0, 1, 1, 0, 1, 1, 1, 1, 0, 1, 1, 0, 0, 0, 1, 0, 1, 1, 1], [2, 1, 0, 0, 0, 2, 3, 3, 2, 0, 1, 0, 1, 3, 2, 3, 0, 3, 1, 3, 1, 1, 3, 2, 2, 1, 0, 3, 3, 1, 3, 0, 3, 1, 1, 3, 2, 1, 0, 3, 0, 1, 3, 2, 2, 3, 0, 1, 1, 0, 2, 2, 0, 1, 2, 3, 1, 2, 0, 2, 1, 3, 3, 1, 2, 3, 1, 0, 2, 1, 0, 2, 0, 2, 3, 1, 0, 3, 3, 2, 2, 0, 1, 3, 2, 3, 0, 3, 0, 2, 0, 1, 2, 1, 0, 3, 0, 3, 2, 3, 3, 0, 1, 2, 3, 3])
([5, 8, 13, 9, 0, 4, 1, 10, 9, 7, 12, 1, 5, 10, 0, 2, 12, 2, 12, 9, 11, 0, 14, 9, 7, 9, 5, 3, 4, 8, 6, 11, 14, 12, 6, 7, 8, 9, 4, 4, 8, 0, 13, 14, 8, 11, 0, 5, 6, 2, 2, 2, 9, 13, 5, 10, 3, 11, 8, 13, 12, 14, 2, 10, 2, 12, 13, 5, 1, 13, 3, 4, 7, 8, 14, 9, 6, 1, 2, 7, 7, 14, 6, 9, 3, 1, 0, 12, 10, 11, 13, 7, 8, 5, 3, 7, 8, 3, 3, 4, 5, 10, 10, 11, 5, 14], [1, 0, 1, 0, 0, 1, 0, 1, 0, 1, 1, 0, 0, 1, 0, 1, 0, 1, 1, 1, 0, 0, 0, 1, 1, 0, 1, 1, 0, 0, 0, 1, 0, 0, 0, 1, 1, 0, 1, 0, 0, 0, 1, 0, 0, 0, 1, 0, 0, 1, 0, 0, 1, 1, 0, 0, 1, 1, 0, 1, 1, 1, 0, 0, 0, 0, 0, 1, 0, 0, 0, 1, 1, 0, 1, 0, 0, 0, 1, 0, 0, 0, 1, 0, 0, 0, 1, 1, 0, 1, 0, 1, 1, 1, 1, 0, 1, 1, 0, 0, 0, 1, 0, 1, 1, 1], [2, 1, 0, 0, 0, 2, 3, 3, 2, 0, 1, 0, 1, 3, 2, 3, 0, 3, 1, 3, 1, 1, 3, 2, 2, 1, 0, 3, 3, 1, 3, 0, 3, 1, 1, 3, 2, 1, 0, 3, 0, 1, 3, 2, 2, 3, 0, 1, 1, 0, 2, 2, 0, 1, 2, 3, 1, 2, 0, 2, 1, 3, 3, 1, 2, 3, 1, 0, 2, 1, 0, 2, 0, 2, 3, 1, 0, 3, 3, 2, 2, 0, 1, 3, 2, 3, 0, 3, 0, 2, 0, 1, 2, 1, 0, 3, 0, 3, 2, 3, 3, 0, 1, 2, 3, 3])
([5, 8, 13, 9, 0, 4, 1, 10, 9, 7, 12, 1, 5, 10, 0, 2, 12, 2, 9, 12, 11, 0, 14, 9, 7, 9, 5, 3, 4, 8, 6, 11, 14, 12, 6, 8, 7, 9, 4, 4, 8, 0, 13, 14, 8, 11, 0, 5, 6, 2, 2, 2, 9, 13, 5, 10, 3, 11, 8, 13, 12, 14, 2, 10, 2, 12, 13, 5, 1, 13, 3, 4, 7, 8, 14, 9, 6, 1, 2, 7, 7, 14, 6, 9, 3, 1, 12, 0, 10, 11, 13, 7, 8, 5, 3, 7, 8, 3, 3, 4, 5, 10, 10, 11, 5, 14], [1, 0, 1, 0, 0, 1, 0, 1, 0, 1, 1, 0, 0, 1, 0, 1, 0, 1, 1, 1, 0, 0, 0, 1, 1, 0, 1, 1, 0, 0, 0, 1, 0, 0, 0, 1, 1, 0, 1, 0, 0, 0, 1, 0, 0, 0, 1, 0, 0, 1, 0, 0, 1, 1, 0, 0, 1, 1, 0, 1, 0, 1, 0, 0, 0, 0, 0, 1, 0, 0, 0, 1, 1, 0, 1, 0, 0, 0, 1, 0, 0, 0, 1, 0, 0, 0, 0, 0, 1, 1, 0, 1, 1, 1, 1, 0, 1, 1, 0, 0, 0, 1, 0, 1, 1, 1], [2, 1, 0, 0, 0, 2, 3, 3, 2, 0, 1, 0, 1, 3, 2, 3, 0, 3, 1, 3, 1, 1, 3, 2, 2, 1, 0, 3, 3, 1, 3, 0, 3, 1, 1, 3, 2, 1, 0, 3, 0, 1, 3, 2, 2, 3, 0, 1, 1, 0, 2, 2, 0, 1, 2, 3, 1, 2, 0, 2, 1, 3, 3, 1, 2, 3, 1, 0, 2, 1, 0, 2, 0, 2, 3, 1, 0, 3, 3, 2, 2, 0, 1, 3, 2, 3, 0, 3, 0, 2, 0, 1, 2, 1, 0, 3, 0, 3, 2, 3, 3, 0, 1, 2, 3, 3])
([5, 8, 13, 9, 0, 4, 1, 10, 9, 7, 12, 1, 5, 10, 0, 2, 12, 2, 9, 12, 11, 0, 14, 9, 7, 9, 5, 3, 4, 8, 6, 11, 14, 12, 6, 8, 7, 9, 4, 4, 8, 0, 13, 14, 8, 11, 0, 5, 6, 2, 2, 2, 9, 13, 5, 10, 3, 11, 8, 13, 12, 14, 2, 10, 2, 12, 13, 5, 1, 13, 3, 4, 7, 8, 14, 9, 6, 1, 2, 7, 7, 14, 6, 9, 3, 1, 0, 12, 10, 11, 13, 7, 8, 5, 3, 7, 8, 3, 3, 4, 5, 10, 10, 11, 5, 14], [1, 0, 1, 0, 0, 1, 0, 1, 0, 1, 1, 0, 0, 1, 0, 1, 0, 1, 1, 1, 0, 0, 0, 1, 1, 0, 1, 1, 0, 0, 0, 1, 0, 0, 0, 1, 1, 0, 1, 0, 0, 0, 1, 0, 0, 0, 1, 0, 0, 1, 0, 0, 1, 1, 0, 0, 1, 1, 0, 1, 1, 1, 0, 1, 0, 0, 1, 1, 0, 0, 0, 1, 1, 0, 1, 0, 0, 0, 1, 0, 0, 0, 1, 0, 0, 0, 0, 0, 1, 1, 0, 1, 1, 1, 1, 0, 1, 1, 0, 0, 0, 1, 0, 1, 1, 1], [2, 1, 0, 0, 0, 2, 3, 3, 2, 0, 1, 0, 1, 3, 2, 3, 0, 3, 1, 3, 1, 1, 3, 2, 2, 1, 0, 3, 3, 1, 3, 0, 3, 1, 1, 3, 2, 1, 0, 3, 0, 1, 3, 2, 2, 3, 0, 1, 1, 0, 2, 2, 0, 1, 2, 3, 1, 2, 0, 2, 1, 3, 3, 1, 2, 3, 1, 0, 2, 1, 0, 2, 0, 2, 3, 1, 0, 3, 3, 2, 2, 0, 1, 3, 2, 3, 0, 3, 0, 2, 0, 1, 2, 1, 0, 3, 0, 3, 2, 3, 3, 0, 1, 2, 3, 3])
运行时间27.265601634979248

2021-01-30 21:51:16
[{'完工时间': (137.4052787137878, 259.64742582104043, 410.70482643781173), '最大机器负荷': 193, '机器总负荷': 688}, {'完工时间': (145.52127186129064, 287.3460731257988, 436.74631819864277), '最大机器负荷': 240, '机器总负荷': 685}, {'完工时间': (137.52131733940038, 252.38634761897703, 401.8858692853226), '最大机器负荷': 187, '机器总负荷': 692}, {'完工时间': (135.7838012066515, 255.15552670336973, 392.63509730289366), '最大机器负荷': 196, '机器总负荷': 690}, {'完工时间': (133.80807397002968, 251.00618202173735, 401.2354942332489), '最大机器负荷': 183, '机器总负荷': 694}, {'完工时间': (137.3121364715285, 266.180455789639, 420.7011220710342), '最大机器负荷': 198, '机器总负荷': 687}, {'完工时间': (136.43173794640919, 264.99268852586937, 405.1789648090368), '最大机器负荷': 211, '机器总负荷': 687}, {'完工时间': (136.89612365126413, 259.47828996759387, 410.45429762933014), '最大机器负荷': 193, '机器总负荷': 690}, {'完工时间': (134.6497723555599, 252.4355756877857, 386.49635831053405), '最大机器负荷': 201, '机器总负荷': 689}, {'完工时间': (136.5833033015651, 269.48127539832745, 410.71775187519535), '最大机器负荷': 224, '机器总负荷': 687}, {'完工时间': (133.42687822320835, 241.788021464461, 370.80709846594897), '最大机器负荷': 191, '机器总负荷': 691}, {'完工时间': (135.73787798051276, 265.8308936502564, 410.0329890456484), '最大机器负荷': 196, '机器总负荷': 689}, {'完工时间': (137.63477793112202, 255.7191275421898, 404.71240376933923), '最大机器负荷': 188, '机器总负荷': 691}, {'完工时间': (137.11594067917963, 252.58020462663313, 402.0567411700509), '最大机器负荷': 187, '机器总负荷': 693}, {'完工时间': (134.02673049565493, 253.86861420551077, 401.3028500415492), '最大机器负荷': 188, '机器总负荷': 693}, {'完工时间': (134.64530918582173, 264.19703301248387, 417.64533982484), '最大机器负荷': 198, '机器总负荷': 689}, {'完工时间': (134.1072986272389, 259.40261836876806, 394.03057890502805), '最大机器负荷': 206, '机器总负荷': 688}, {'完工时间': (135.70419158105818, 268.9629795949583, 409.82734845374677), '最大机器负荷': 216, '机器总负荷': 686}, {'完工时间': (139.5163142064513, 282.126209731752, 443.21325527694756), '最大机器负荷': 214, '机器总负荷': 686}, {'完工时间': (135.6370613955111, 261.43752680347194, 403.2287615995816), '最大机器负荷': 191, '机器总负荷': 690}]
([9, 5, 5, 8, 3, 1, 11, 0, 6, 13, 9, 12, 13, 2, 10, 12, 2, 8, 8, 5, 10, 7, 14, 5, 7, 6, 3, 11, 14, 8, 3, 8, 10, 5, 0, 4, 12, 14, 9, 13, 12, 6, 8, 10, 9, 3, 7, 2, 4, 7, 9, 14, 5, 0, 7, 12, 7, 6, 5, 14, 13, 13, 7, 0, 2, 11, 2, 9, 3, 0, 10, 13, 3, 5, 4, 13, 0, 10, 1, 1, 12, 12, 4, 14, 3, 7, 1, 9, 9, 1, 11, 9, 8, 4, 2, 4, 11, 6, 2, 11, 14, 8, 2, 10, 8, 5], [0, 0, 0, 0, 1, 0, 0, 1, 0, 1, 1, 0, 0, 1, 0, 1, 0, 1, 1, 1, 0, 0, 0, 1, 0, 0, 1, 0, 1, 0, 1, 1, 0, 0, 0, 1, 0, 0, 1, 0, 1, 0, 0, 1, 0, 0, 1, 0, 0, 1, 0, 0, 1, 0, 0, 0, 1, 1, 0, 0, 0, 1, 0, 1, 0, 0, 1, 1, 0, 0, 0, 1, 1, 1, 1, 0, 0, 0, 1, 0, 0, 0, 1, 0, 1, 0, 1, 1, 1, 1, 0, 1, 1, 1, 0, 1, 1, 1, 0, 0, 0, 1, 0, 0, 1, 0], [1, 0, 2, 3, 2, 1, 3, 0, 2, 2, 3, 2, 3, 2, 0, 0, 0, 1, 2, 3, 0, 1, 0, 3, 0, 2, 0, 1, 1, 1, 3, 3, 3, 2, 2, 0, 2, 0, 2, 3, 3, 1, 1, 3, 3, 0, 2, 2, 1, 2, 3, 0, 0, 3, 0, 0, 0, 1, 3, 2, 3, 1, 1, 2, 2, 3, 1, 2, 1, 1, 1, 1, 1, 3, 0, 0, 2, 2, 1, 0, 3, 3, 2, 2, 1, 0, 3, 1, 2, 1, 3, 1, 1, 0, 2, 0, 2, 2, 3, 1, 2, 1, 0, 2, 3, 0])
([9, 5, 5, 8, 3, 1, 11, 0, 6, 13, 9, 12, 13, 2, 10, 12, 2, 8, 8, 5, 10, 7, 14, 5, 7, 6, 11, 3, 14, 8, 3, 8, 10, 5, 0, 9, 4, 13, 14, 12, 12, 6, 8, 10, 7, 9, 2, 3, 4, 9, 7, 0, 5, 14, 7, 12, 7, 6, 5, 14, 13, 0, 7, 13, 2, 2, 11, 9, 0, 3, 10, 13, 5, 4, 13, 3, 10, 12, 0, 1, 1, 3, 12, 4, 14, 7, 1, 9, 9, 1, 11, 9, 8, 4, 2, 4, 11, 6, 2, 11, 14, 8, 2, 10, 8, 5], [0, 0, 0, 0, 0, 0, 0, 1, 0, 0, 1, 0, 0, 1, 0, 0, 0, 1, 1, 0, 0, 1, 0, 1, 0, 0, 1, 0, 1, 0, 1, 1, 0, 0, 0, 1, 0, 0, 1, 0, 1, 0, 0, 1, 0, 0, 1, 0, 0, 1, 0, 0, 1, 0, 0, 0, 0, 1, 0, 0, 1, 1, 0, 1, 0, 0, 1, 1, 0, 0, 0, 1, 1, 1, 1, 0, 0, 0, 1, 0, 0, 0, 1, 0, 1, 0, 1, 1, 1, 1, 0, 1, 1, 1, 0, 1, 0, 0, 0, 0, 0, 1, 0, 0, 1, 0], [1, 0, 2, 3, 2, 1, 3, 0, 2, 2, 3, 2, 3, 2, 0, 0, 0, 1, 2, 3, 0, 1, 0, 3, 0, 2, 0, 1, 1, 1, 3, 3, 3, 2, 2, 0, 2, 0, 2, 3, 3, 1, 1, 3, 3, 0, 2, 2, 1, 2, 3, 0, 0, 3, 0, 0, 0, 1, 3, 2, 3, 1, 1, 2, 2, 3, 1, 2, 1, 1, 1, 1, 1, 3, 0, 0, 2, 2, 1, 0, 3, 3, 2, 2, 1, 0, 3, 1, 2, 1, 3, 1, 1, 0, 2, 0, 2, 2, 3, 1, 2, 1, 0, 2, 3, 0])
([9, 5, 5, 8, 3, 1, 11, 0, 6, 13, 9, 12, 13, 2, 10, 12, 2, 8, 8, 5, 10, 7, 14, 5, 7, 6, 3, 11, 14, 8, 3, 8, 10, 5, 0, 4, 12, 14, 9, 13, 12, 6, 8, 10, 9, 3, 7, 2, 4, 7, 9, 14, 5, 0, 7, 12, 7, 6, 5, 14, 13, 13, 7, 0, 2, 11, 2, 9, 3, 0, 10, 13, 3, 5, 4, 13, 0, 10, 1, 1, 12, 12, 4, 14, 3, 7, 1, 9, 9, 1, 11, 9, 8, 4, 2, 4, 11, 6, 2, 11, 14, 8, 2, 10, 8, 5], [0, 0, 0, 0, 1, 0, 0, 1, 0, 1, 1, 0, 0, 1, 0, 1, 0, 1, 1, 1, 0, 0, 0, 0, 1, 0, 1, 0, 1, 0, 1, 1, 0, 1, 0, 1, 0, 0, 1, 0, 1, 0, 0, 1, 0, 0, 1, 0, 0, 1, 0, 0, 1, 0, 0, 0, 1, 1, 0, 0, 0, 1, 0, 1, 0, 0, 1, 1, 0, 0, 0, 1, 1, 1, 1, 0, 0, 0, 1, 0, 0, 0, 1, 0, 1, 0, 1, 1, 1, 1, 0, 1, 1, 1, 0, 1, 1, 1, 0, 0, 0, 1, 0, 0, 1, 0], [1, 0, 2, 3, 2, 1, 3, 0, 2, 2, 3, 2, 3, 2, 0, 0, 0, 1, 2, 3, 0, 1, 0, 3, 0, 2, 0, 1, 1, 1, 3, 3, 3, 2, 2, 0, 2, 0, 2, 3, 3, 1, 1, 3, 3, 0, 2, 2, 1, 2, 3, 0, 0, 3, 0, 0, 0, 1, 3, 2, 3, 1, 1, 2, 2, 3, 1, 2, 1, 1, 1, 1, 1, 3, 0, 0, 2, 2, 1, 0, 3, 3, 2, 2, 1, 0, 3, 1, 2, 1, 3, 1, 1, 0, 2, 0, 2, 2, 3, 1, 2, 1, 0, 2, 3, 0])
([9, 5, 5, 8, 3, 1, 11, 0, 6, 13, 9, 12, 13, 2, 10, 12, 8, 2, 8, 5, 10, 7, 14, 5, 7, 6, 3, 11, 14, 8, 3, 8, 10, 5, 0, 4, 12, 14, 9, 13, 12, 6, 8, 10, 9, 3, 7, 2, 4, 7, 9, 14, 5, 0, 7, 12, 7, 6, 5, 14, 13, 13, 7, 2, 0, 11, 2, 9, 0, 3, 10, 13, 0, 5, 4, 13, 3, 10, 1, 1, 12, 12, 4, 14, 3, 7, 1, 9, 9, 1, 11, 9, 8, 4, 2, 4, 11, 6, 2, 11, 14, 8, 2, 10, 8, 5], [0, 0, 0, 0, 1, 0, 0, 1, 0, 1, 1, 0, 0, 1, 0, 0, 0, 1, 1, 1, 0, 1, 0, 1, 1, 0, 1, 0, 1, 0, 1, 1, 0, 0, 0, 1, 0, 0, 1, 0, 1, 0, 0, 1, 0, 0, 1, 0, 0, 1, 0, 0, 1, 0, 0, 0, 1, 1, 0, 0, 0, 1, 0, 1, 0, 0, 1, 1, 0, 0, 0, 1, 1, 1, 1, 0, 0, 0, 1, 0, 0, 0, 1, 0, 1, 0, 1, 1, 1, 1, 0, 1, 1, 1, 0, 1, 1, 1, 0, 0, 0, 1, 0, 0, 1, 0], [1, 0, 2, 3, 2, 1, 3, 0, 2, 2, 3, 2, 3, 2, 0, 0, 0, 1, 2, 3, 0, 1, 0, 3, 0, 2, 0, 1, 1, 1, 3, 3, 3, 2, 2, 0, 2, 0, 2, 3, 3, 1, 1, 3, 3, 0, 2, 2, 1, 2, 3, 0, 0, 3, 0, 0, 0, 1, 3, 2, 3, 1, 1, 2, 2, 3, 1, 2, 1, 1, 1, 1, 1, 3, 0, 0, 2, 2, 1, 0, 3, 3, 2, 2, 1, 0, 3, 1, 2, 1, 3, 1, 1, 0, 2, 0, 2, 2, 3, 1, 2, 1, 0, 2, 3, 0])
([9, 5, 5, 8, 3, 1, 11, 0, 6, 13, 9, 12, 13, 2, 10, 12, 2, 8, 8, 5, 10, 7, 14, 5, 7, 6, 3, 11, 14, 8, 3, 8, 10, 5, 0, 4, 12, 14, 9, 13, 12, 6, 8, 10, 9, 3, 7, 2, 4, 7, 9, 14, 5, 0, 7, 12, 7, 6, 5, 14, 13, 13, 7, 0, 2, 11, 2, 9, 3, 0, 10, 13, 3, 5, 4, 13, 0, 10, 1, 1, 12, 12, 4, 14, 3, 7, 1, 9, 9, 1, 11, 9, 8, 4, 2, 4, 11, 6, 2, 11, 14, 8, 2, 10, 8, 5], [0, 0, 0, 0, 1, 0, 0, 1, 0, 1, 1, 0, 1, 1, 0, 1, 0, 1, 1, 1, 0, 0, 0, 0, 1, 0, 1, 0, 1, 0, 1, 1, 0, 1, 0, 1, 0, 0, 1, 0, 1, 0, 0, 1, 0, 0, 1, 0, 0, 1, 0, 0, 1, 0, 0, 0, 1, 1, 0, 0, 0, 1, 0, 1, 0, 0, 1, 1, 0, 0, 0, 1, 1, 1, 1, 0, 0, 0, 1, 0, 0, 0, 1, 0, 1, 0, 1, 1, 1, 1, 0, 1, 1, 1, 0, 1, 1, 1, 0, 0, 0, 1, 0, 0, 1, 0], [1, 0, 2, 3, 2, 1, 3, 0, 2, 2, 3, 2, 3, 2, 0, 0, 0, 1, 2, 3, 0, 1, 0, 3, 0, 2, 0, 1, 1, 1, 3, 3, 3, 2, 2, 0, 2, 0, 2, 3, 3, 1, 1, 3, 3, 0, 2, 2, 1, 2, 3, 0, 0, 3, 0, 0, 0, 1, 3, 2, 3, 1, 1, 2, 2, 3, 1, 2, 1, 1, 1, 1, 1, 3, 0, 0, 2, 2, 1, 0, 3, 3, 2, 2, 1, 0, 3, 1, 2, 1, 3, 1, 1, 0, 2, 0, 2, 2, 3, 1, 2, 1, 0, 2, 3, 0])
([9, 5, 5, 8, 3, 1, 11, 0, 6, 13, 9, 12, 13, 2, 10, 12, 2, 8, 8, 5, 10, 7, 14, 5, 7, 6, 3, 11, 14, 8, 3, 8, 10, 5, 0, 4, 12, 14, 9, 13, 12, 6, 8, 10, 9, 3, 7, 2, 4, 7, 9, 14, 5, 0, 7, 12, 7, 6, 5, 14, 13, 13, 7, 0, 2, 11, 2, 9, 0, 3, 10, 13, 0, 5, 4, 13, 3, 10, 1, 1, 12, 12, 4, 14, 3, 7, 1, 9, 9, 1, 11, 9, 8, 4, 2, 4, 11, 6, 2, 11, 14, 8, 2, 10, 8, 5], [0, 0, 0, 0, 1, 0, 0, 1, 0, 1, 1, 0, 0, 1, 0, 1, 0, 1, 1, 1, 0, 0, 0, 1, 0, 0, 1, 0, 1, 0, 1, 1, 0, 0, 0, 1, 0, 0, 1, 0, 1, 0, 0, 1, 0, 0, 1, 0, 0, 1, 0, 0, 1, 0, 0, 0, 0, 1, 0, 0, 0, 1, 0, 1, 0, 0, 1, 1, 0, 0, 0, 1, 1, 1, 1, 0, 0, 0, 1, 0, 0, 0, 1, 0, 1, 0, 1, 1, 1, 1, 0, 1, 1, 1, 0, 1, 1, 1, 0, 0, 0, 1, 0, 0, 1, 0], [1, 0, 2, 3, 2, 1, 3, 0, 2, 2, 3, 2, 3, 2, 0, 0, 0, 1, 2, 3, 0, 1, 0, 3, 0, 2, 0, 1, 1, 1, 3, 3, 3, 2, 2, 0, 2, 0, 2, 3, 3, 1, 1, 3, 3, 0, 2, 2, 1, 2, 3, 0, 0, 3, 0, 0, 0, 1, 3, 2, 3, 1, 1, 2, 2, 3, 1, 2, 1, 1, 1, 1, 1, 3, 0, 0, 2, 2, 1, 0, 3, 3, 2, 2, 1, 0, 3, 1, 2, 1, 3, 1, 1, 0, 2, 0, 2, 2, 3, 1, 2, 1, 0, 2, 3, 0])
([9, 5, 5, 8, 3, 1, 11, 0, 6, 13, 9, 12, 13, 2, 10, 12, 8, 2, 8, 5, 10, 7, 14, 5, 7, 6, 3, 11, 14, 8, 3, 8, 0, 10, 5, 4, 12, 14, 9, 13, 12, 6, 8, 10, 9, 3, 7, 2, 4, 7, 9, 14, 5, 0, 7, 12, 7, 6, 5, 14, 13, 13, 7, 0, 2, 11, 2, 9, 3, 0, 10, 13, 3, 5, 4, 13, 0, 10, 1, 1, 12, 12, 14, 4, 3, 7, 1, 9, 9, 1, 11, 9, 8, 4, 2, 4, 11, 6, 2, 11, 14, 8, 2, 10, 8, 5], [0, 0, 0, 0, 0, 0, 0, 1, 0, 0, 1, 0, 0, 1, 0, 0, 0, 1, 1, 1, 0, 1, 0, 1, 0, 0, 1, 0, 1, 0, 1, 1, 0, 0, 0, 1, 0, 0, 1, 0, 1, 0, 0, 1, 0, 0, 1, 0, 0, 1, 0, 0, 1, 0, 0, 0, 1, 1, 0, 0, 0, 1, 0, 1, 0, 0, 1, 1, 0, 0, 0, 1, 1, 1, 1, 0, 0, 0, 1, 0, 0, 0, 1, 0, 1, 0, 1, 1, 1, 1, 0, 1, 1, 1, 0, 1, 1, 1, 0, 0, 0, 1, 0, 0, 1, 0], [1, 0, 2, 3, 2, 1, 3, 0, 2, 2, 3, 2, 3, 2, 0, 0, 0, 1, 2, 3, 0, 1, 0, 3, 0, 2, 0, 1, 1, 1, 3, 3, 3, 2, 2, 0, 2, 0, 2, 3, 3, 1, 1, 3, 3, 0, 2, 2, 1, 2, 3, 0, 0, 3, 0, 0, 0, 1, 3, 2, 3, 1, 1, 2, 2, 3, 1, 2, 1, 1, 1, 1, 1, 3, 0, 0, 2, 2, 1, 0, 3, 3, 2, 2, 1, 0, 3, 1, 2, 1, 3, 1, 1, 0, 2, 0, 2, 2, 3, 1, 2, 1, 0, 2, 3, 0])
([9, 5, 5, 8, 3, 1, 11, 0, 6, 13, 9, 12, 13, 2, 10, 12, 2, 8, 8, 5, 10, 7, 14, 5, 7, 6, 3, 11, 14, 8, 3, 8, 10, 5, 0, 4, 14, 12, 9, 13, 12, 6, 8, 10, 9, 3, 7, 2, 4, 7, 9, 14, 0, 5, 7, 12, 7, 6, 5, 14, 13, 13, 7, 0, 2, 11, 2, 9, 3, 0, 10, 13, 3, 5, 4, 13, 0, 10, 12, 1, 1, 12, 4, 14, 3, 7, 1, 9, 9, 1, 11, 9, 8, 4, 2, 4, 11, 6, 2, 11, 14, 8, 2, 10, 8, 5], [0, 0, 0, 0, 1, 0, 0, 1, 0, 1, 1, 0, 0, 1, 0, 1, 0, 1, 1, 1, 0, 0, 0, 0, 0, 0, 1, 0, 1, 0, 1, 1, 0, 0, 0, 1, 0, 0, 1, 0, 1, 0, 0, 1, 0, 0, 1, 0, 0, 1, 0, 0, 1, 0, 0, 0, 1, 1, 0, 0, 0, 1, 0, 1, 0, 0, 1, 1, 0, 0, 0, 1, 1, 1, 1, 0, 0, 0, 1, 0, 0, 0, 1, 0, 1, 0, 1, 1, 1, 1, 0, 1, 1, 1, 0, 1, 1, 1, 0, 0, 0, 1, 0, 0, 1, 0], [1, 0, 2, 3, 2, 1, 3, 0, 2, 2, 3, 2, 3, 2, 0, 0, 0, 1, 2, 3, 0, 1, 0, 3, 0, 2, 0, 1, 1, 1, 3, 3, 3, 2, 2, 0, 2, 0, 2, 3, 3, 1, 1, 3, 3, 0, 2, 2, 1, 2, 3, 0, 0, 3, 0, 0, 0, 1, 3, 2, 3, 1, 1, 2, 2, 3, 1, 2, 1, 1, 1, 1, 1, 3, 0, 0, 2, 2, 1, 0, 3, 3, 2, 2, 1, 0, 3, 1, 2, 1, 3, 1, 1, 0, 2, 0, 2, 2, 3, 1, 2, 1, 0, 2, 3, 0])
([9, 5, 5, 8, 3, 1, 11, 0, 6, 13, 9, 12, 13, 2, 10, 12, 8, 2, 8, 5, 10, 7, 14, 5, 7, 6, 3, 11, 14, 3, 10, 8, 0, 5, 8, 13, 4, 14, 9, 12, 12, 6, 8, 10, 9, 3, 7, 2, 4, 7, 9, 14, 5, 0, 7, 12, 7, 6, 5, 14, 13, 0, 7, 13, 2, 11, 2, 9, 3, 0, 10, 13, 3, 5, 0, 4, 10, 12, 13, 1, 1, 3, 12, 14, 4, 7, 1, 9, 9, 1, 11, 9, 8, 4, 2, 4, 11, 6, 2, 11, 14, 8, 2, 10, 8, 5], [0, 0, 0, 0, 1, 0, 0, 1, 0, 1, 1, 0, 0, 1, 0, 0, 0, 1, 1, 1, 0, 1, 0, 1, 1, 0, 1, 0, 1, 0, 1, 1, 0, 0, 0, 1, 0, 0, 1, 0, 1, 0, 0, 1, 0, 0, 1, 0, 0, 1, 0, 0, 1, 0, 0, 0, 0, 1, 0, 0, 0, 1, 0, 1, 0, 0, 1, 1, 0, 0, 0, 1, 1, 1, 1, 0, 0, 0, 1, 0, 0, 0, 1, 0, 1, 0, 1, 1, 1, 1, 0, 1, 1, 1, 0, 1, 1, 1, 0, 0, 0, 1, 0, 0, 1, 0], [1, 0, 2, 3, 2, 1, 3, 0, 2, 2, 3, 2, 3, 2, 0, 0, 0, 1, 2, 3, 0, 1, 0, 3, 0, 2, 0, 1, 1, 1, 3, 3, 3, 2, 2, 0, 2, 0, 2, 3, 3, 1, 1, 3, 3, 0, 2, 2, 1, 2, 3, 0, 0, 3, 0, 0, 0, 1, 3, 2, 3, 1, 1, 2, 2, 3, 1, 2, 1, 1, 1, 1, 1, 3, 0, 0, 2, 2, 1, 0, 3, 3, 2, 2, 1, 0, 3, 1, 2, 1, 3, 1, 1, 0, 2, 0, 2, 2, 3, 1, 2, 1, 0, 2, 3, 0])
([9, 5, 5, 8, 3, 1, 11, 0, 6, 13, 9, 12, 13, 2, 10, 12, 2, 8, 8, 5, 10, 7, 14, 5, 7, 6, 11, 3, 14, 8, 3, 8, 10, 5, 0, 4, 12, 14, 9, 13, 12, 6, 8, 10, 9, 3, 7, 2, 4, 7, 9, 14, 5, 0, 7, 12, 7, 6, 5, 14, 13, 0, 7, 13, 2, 11, 2, 9, 3, 0, 10, 13, 3, 5, 4, 13, 0, 10, 1, 1, 12, 12, 4, 14, 3, 7, 1, 9, 9, 1, 11, 9, 8, 4, 2, 4, 11, 6, 2, 11, 14, 8, 2, 10, 8, 5], [0, 0, 0, 0, 0, 0, 0, 0, 0, 0, 1, 0, 0, 1, 0, 0, 0, 1, 1, 1, 0, 1, 0, 1, 0, 0, 1, 0, 1, 0, 1, 1, 0, 0, 0, 1, 0, 0, 1, 0, 1, 0, 0, 1, 0, 0, 1, 0, 0, 1, 0, 0, 1, 0, 0, 0, 0, 1, 0, 0, 1, 1, 0, 1, 0, 0, 1, 1, 0, 0, 0, 1, 1, 1, 1, 0, 0, 0, 1, 0, 0, 0, 1, 0, 1, 0, 1, 1, 1, 1, 0, 1, 1, 1, 0, 1, 1, 1, 0, 0, 0, 1, 0, 0, 1, 0], [1, 0, 2, 3, 2, 1, 3, 0, 2, 2, 3, 2, 3, 2, 0, 0, 0, 1, 2, 3, 0, 1, 0, 3, 0, 2, 0, 1, 1, 1, 3, 3, 3, 2, 2, 0, 2, 0, 2, 3, 3, 1, 1, 3, 3, 0, 2, 2, 1, 2, 3, 0, 0, 3, 0, 0, 0, 1, 3, 2, 3, 1, 1, 2, 2, 3, 1, 2, 1, 1, 1, 1, 1, 3, 0, 0, 2, 2, 1, 0, 3, 3, 2, 2, 1, 0, 3, 1, 2, 1, 3, 1, 1, 0, 2, 0, 2, 2, 3, 1, 2, 1, 0, 2, 3, 0])
([9, 5, 5, 8, 3, 1, 11, 0, 6, 13, 9, 12, 13, 2, 10, 12, 2, 8, 8, 5, 10, 7, 14, 5, 7, 6, 11, 3, 14, 8, 3, 8, 10, 5, 0, 9, 12, 14, 4, 13, 12, 6, 8, 10, 7, 9, 2, 3, 9, 7, 0, 14, 5, 4, 7, 12, 7, 6, 5, 14, 13, 13, 0, 7, 2, 2, 11, 9, 0, 3, 10, 13, 4, 5, 0, 13, 3, 10, 12, 1, 1, 4, 12, 14, 3, 7, 1, 9, 9, 1, 11, 9, 8, 4, 2, 4, 11, 6, 2, 11, 14, 8, 2, 10, 8, 5], [0, 0, 0, 0, 1, 0, 0, 1, 0, 1, 1, 0, 0, 1, 0, 0, 0, 1, 1, 1, 0, 1, 0, 1, 1, 0, 1, 0, 1, 0, 1, 1, 0, 1, 0, 1, 0, 0, 1, 0, 1, 0, 0, 1, 0, 0, 1, 0, 0, 1, 0, 0, 1, 0, 0, 0, 1, 1, 0, 0, 0, 1, 0, 1, 0, 0, 1, 1, 0, 0, 0, 1, 1, 1, 1, 0, 0, 0, 1, 0, 0, 0, 1, 0, 1, 0, 1, 1, 1, 1, 0, 1, 1, 1, 0, 1, 1, 1, 0, 0, 0, 1, 0, 0, 1, 0], [1, 0, 2, 3, 2, 1, 3, 0, 2, 2, 3, 2, 3, 2, 0, 0, 0, 1, 2, 3, 0, 1, 0, 3, 0, 2, 0, 1, 1, 1, 3, 3, 3, 2, 2, 0, 2, 0, 2, 3, 3, 1, 1, 3, 3, 0, 2, 2, 1, 2, 3, 0, 0, 3, 0, 0, 0, 1, 3, 2, 3, 1, 1, 2, 2, 3, 1, 2, 1, 1, 1, 1, 1, 3, 0, 0, 2, 2, 1, 0, 3, 3, 2, 2, 1, 0, 3, 1, 2, 1, 3, 1, 1, 0, 2, 0, 2, 2, 3, 1, 2, 1, 0, 2, 3, 0])
([9, 5, 5, 8, 3, 1, 11, 0, 6, 13, 9, 12, 13, 2, 10, 12, 2, 8, 8, 5, 10, 7, 14, 5, 7, 6, 3, 11, 14, 8, 3, 8, 10, 5, 0, 4, 12, 14, 9, 13, 12, 6, 8, 10, 9, 3, 7, 2, 4, 7, 9, 14, 5, 0, 7, 12, 7, 6, 5, 14, 13, 13, 7, 0, 2, 11, 2, 9, 0, 3, 10, 13, 5, 0, 4, 13, 3, 10, 1, 1, 12, 12, 4, 14, 3, 7, 1, 9, 9, 1, 11, 9, 8, 4, 2, 4, 11, 6, 2, 11, 14, 8, 2, 10, 8, 5], [0, 0, 0, 0, 1, 0, 0, 1, 0, 1, 1, 0, 0, 1, 0, 1, 0, 1, 1, 1, 0, 1, 0, 1, 1, 0, 1, 0, 1, 0, 1, 1, 0, 1, 0, 1, 0, 0, 1, 0, 1, 0, 0, 1, 0, 0, 1, 0, 0, 1, 0, 0, 1, 0, 0, 0, 0, 1, 0, 0, 0, 1, 0, 1, 0, 0, 1, 1, 0, 0, 0, 1, 1, 1, 1, 0, 0, 0, 1, 0, 0, 0, 1, 0, 1, 0, 1, 1, 1, 1, 0, 1, 1, 1, 0, 1, 1, 1, 0, 0, 0, 1, 0, 0, 1, 0], [1, 0, 2, 3, 2, 1, 3, 0, 2, 2, 3, 2, 3, 2, 0, 0, 0, 1, 2, 3, 0, 1, 0, 3, 0, 2, 0, 1, 1, 1, 3, 3, 3, 2, 2, 0, 2, 0, 2, 3, 3, 1, 1, 3, 3, 0, 2, 2, 1, 2, 3, 0, 0, 3, 0, 0, 0, 1, 3, 2, 3, 1, 1, 2, 2, 3, 1, 2, 1, 1, 1, 1, 1, 3, 0, 0, 2, 2, 1, 0, 3, 3, 2, 2, 1, 0, 3, 1, 2, 1, 3, 1, 1, 0, 2, 0, 2, 2, 3, 1, 2, 1, 0, 2, 3, 0])
([9, 5, 5, 8, 3, 1, 11, 0, 6, 13, 9, 12, 13, 2, 10, 12, 2, 8, 8, 5, 10, 7, 14, 5, 7, 6, 3, 11, 14, 8, 3, 8, 10, 5, 0, 4, 12, 14, 9, 13, 12, 6, 8, 10, 9, 3, 7, 2, 4, 7, 9, 14, 5, 0, 7, 12, 7, 6, 5, 14, 13, 13, 7, 0, 2, 11, 2, 9, 3, 0, 10, 13, 3, 5, 4, 13, 0, 10, 1, 1, 12, 12, 4, 14, 3, 7, 1, 9, 9, 1, 11, 9, 8, 4, 2, 4, 11, 6, 2, 11, 14, 8, 2, 10, 8, 5], [0, 0, 0, 0, 1, 0, 0, 1, 0, 1, 1, 0, 0, 1, 0, 1, 0, 1, 1, 1, 0, 0, 0, 0, 0, 0, 1, 0, 1, 0, 1, 1, 0, 1, 0, 1, 0, 0, 1, 0, 1, 0, 0, 1, 0, 0, 1, 0, 0, 1, 0, 0, 1, 0, 0, 0, 1, 1, 0, 0, 0, 1, 0, 1, 0, 0, 1, 1, 0, 0, 0, 1, 1, 1, 1, 0, 0, 0, 1, 0, 0, 0, 1, 0, 1, 0, 1, 1, 1, 1, 0, 1, 1, 1, 0, 1, 1, 1, 0, 0, 0, 1, 0, 0, 1, 0], [1, 0, 2, 3, 2, 1, 3, 0, 2, 2, 3, 2, 3, 2, 0, 0, 0, 1, 2, 3, 0, 1, 0, 3, 0, 2, 0, 1, 1, 1, 3, 3, 3, 2, 2, 0, 2, 0, 2, 3, 3, 1, 1, 3, 3, 0, 2, 2, 1, 2, 3, 0, 0, 3, 0, 0, 0, 1, 3, 2, 3, 1, 1, 2, 2, 3, 1, 2, 1, 1, 1, 1, 1, 3, 0, 0, 2, 2, 1, 0, 3, 3, 2, 2, 1, 0, 3, 1, 2, 1, 3, 1, 1, 0, 2, 0, 2, 2, 3, 1, 2, 1, 0, 2, 3, 0])
([9, 5, 5, 8, 3, 1, 11, 0, 6, 13, 9, 12, 13, 2, 10, 12, 8, 2, 8, 5, 10, 7, 14, 5, 7, 6, 3, 11, 14, 8, 3, 8, 10, 5, 0, 4, 12, 14, 9, 13, 12, 6, 8, 10, 9, 3, 7, 2, 4, 7, 9, 14, 5, 0, 7, 12, 7, 6, 5, 14, 13, 13, 7, 0, 2, 11, 2, 9, 0, 3, 10, 13, 0, 5, 4, 13, 3, 10, 1, 1, 12, 12, 4, 14, 3, 7, 1, 9, 9, 1, 11, 9, 8, 4, 2, 4, 11, 6, 2, 11, 14, 8, 2, 10, 8, 5], [0, 0, 0, 0, 1, 0, 0, 1, 0, 1, 1, 0, 0, 1, 0, 0, 0, 1, 1, 1, 0, 0, 0, 0, 1, 0, 1, 0, 1, 0, 1, 1, 0, 1, 0, 1, 0, 0, 1, 0, 1, 0, 0, 1, 0, 0, 1, 0, 0, 1, 0, 0, 1, 0, 0, 0, 1, 1, 0, 0, 0, 1, 0, 1, 0, 0, 1, 1, 0, 0, 0, 1, 1, 1, 1, 0, 0, 0, 1, 0, 0, 0, 1, 0, 1, 0, 1, 1, 1, 1, 0, 1, 1, 1, 0, 1, 1, 1, 0, 0, 0, 1, 0, 0, 1, 0], [1, 0, 2, 3, 2, 1, 3, 0, 2, 2, 3, 2, 3, 2, 0, 0, 0, 1, 2, 3, 0, 1, 0, 3, 0, 2, 0, 1, 1, 1, 3, 3, 3, 2, 2, 0, 2, 0, 2, 3, 3, 1, 1, 3, 3, 0, 2, 2, 1, 2, 3, 0, 0, 3, 0, 0, 0, 1, 3, 2, 3, 1, 1, 2, 2, 3, 1, 2, 1, 1, 1, 1, 1, 3, 0, 0, 2, 2, 1, 0, 3, 3, 2, 2, 1, 0, 3, 1, 2, 1, 3, 1, 1, 0, 2, 0, 2, 2, 3, 1, 2, 1, 0, 2, 3, 0])
([9, 5, 5, 8, 3, 1, 11, 0, 6, 13, 9, 12, 13, 2, 10, 12, 2, 8, 8, 5, 10, 7, 14, 5, 7, 6, 3, 11, 14, 8, 3, 8, 10, 5, 0, 4, 12, 14, 9, 13, 12, 6, 8, 10, 9, 3, 7, 2, 4, 7, 9, 14, 5, 0, 7, 12, 7, 6, 5, 14, 13, 13, 7, 0, 2, 11, 2, 9, 3, 0, 10, 13, 3, 5, 4, 13, 0, 10, 1, 1, 12, 12, 4, 14, 3, 7, 1, 9, 9, 1, 11, 9, 8, 4, 2, 4, 11, 6, 2, 11, 14, 8, 2, 10, 8, 5], [0, 0, 0, 0, 0, 0, 0, 1, 0, 1, 1, 0, 1, 1, 0, 1, 0, 1, 1, 1, 0, 0, 0, 0, 1, 0, 1, 0, 1, 0, 1, 1, 0, 1, 0, 1, 0, 0, 1, 0, 1, 0, 0, 1, 0, 0, 1, 0, 0, 1, 0, 0, 1, 0, 0, 0, 1, 1, 0, 0, 0, 1, 0, 1, 0, 0, 1, 1, 0, 0, 0, 1, 1, 1, 1, 0, 0, 0, 1, 0, 0, 0, 1, 0, 1, 0, 1, 1, 1, 1, 0, 1, 1, 1, 0, 1, 1, 1, 0, 0, 0, 1, 0, 0, 1, 0], [1, 0, 2, 3, 2, 1, 3, 0, 2, 2, 3, 2, 3, 2, 0, 0, 0, 1, 2, 3, 0, 1, 0, 3, 0, 2, 0, 1, 1, 1, 3, 3, 3, 2, 2, 0, 2, 0, 2, 3, 3, 1, 1, 3, 3, 0, 2, 2, 1, 2, 3, 0, 0, 3, 0, 0, 0, 1, 3, 2, 3, 1, 1, 2, 2, 3, 1, 2, 1, 1, 1, 1, 1, 3, 0, 0, 2, 2, 1, 0, 3, 3, 2, 2, 1, 0, 3, 1, 2, 1, 3, 1, 1, 0, 2, 0, 2, 2, 3, 1, 2, 1, 0, 2, 3, 0])
([9, 5, 5, 8, 3, 1, 11, 0, 6, 13, 9, 12, 13, 2, 10, 12, 2, 8, 8, 5, 10, 7, 14, 5, 7, 6, 3, 11, 14, 8, 3, 8, 10, 5, 0, 9, 12, 4, 14, 13, 12, 6, 8, 10, 7, 9, 3, 2, 9, 7, 4, 14, 5, 0, 7, 12, 7, 6, 5, 14, 13, 13, 0, 7, 2, 11, 2, 9, 3, 0, 10, 13, 3, 5, 4, 13, 0, 10, 12, 1, 1, 4, 12, 14, 3, 7, 1, 9, 9, 1, 11, 9, 8, 4, 2, 4, 11, 6, 2, 11, 14, 8, 2, 10, 8, 5], [0, 0, 0, 0, 0, 0, 0, 1, 0, 1, 1, 0, 0, 1, 0, 1, 0, 1, 1, 1, 0, 0, 0, 0, 0, 0, 1, 0, 1, 0, 1, 1, 0, 0, 0, 1, 0, 0, 1, 0, 1, 0, 0, 1, 0, 0, 1, 0, 0, 1, 0, 0, 1, 0, 0, 0, 1, 1, 0, 0, 0, 1, 0, 1, 0, 0, 1, 1, 0, 0, 0, 1, 1, 1, 1, 0, 0, 0, 1, 0, 0, 0, 1, 0, 1, 0, 1, 1, 1, 1, 0, 1, 1, 1, 0, 1, 1, 1, 0, 0, 0, 1, 0, 0, 1, 0], [1, 0, 2, 3, 2, 1, 3, 0, 2, 2, 3, 2, 3, 2, 0, 0, 0, 1, 2, 3, 0, 1, 0, 3, 0, 2, 0, 1, 1, 1, 3, 3, 3, 2, 2, 0, 2, 0, 2, 3, 3, 1, 1, 3, 3, 0, 2, 2, 1, 2, 3, 0, 0, 3, 0, 0, 0, 1, 3, 2, 3, 1, 1, 2, 2, 3, 1, 2, 1, 1, 1, 1, 1, 3, 0, 0, 2, 2, 1, 0, 3, 3, 2, 2, 1, 0, 3, 1, 2, 1, 3, 1, 1, 0, 2, 0, 2, 2, 3, 1, 2, 1, 0, 2, 3, 0])
([9, 5, 5, 8, 3, 1, 11, 0, 6, 13, 9, 12, 13, 2, 10, 12, 8, 2, 8, 5, 10, 7, 14, 5, 7, 6, 3, 11, 14, 3, 10, 8, 5, 0, 8, 14, 4, 13, 9, 12, 12, 6, 8, 10, 9, 3, 7, 2, 4, 7, 9, 14, 5, 0, 7, 12, 7, 6, 5, 14, 13, 0, 7, 13, 2, 11, 2, 9, 3, 0, 10, 13, 3, 5, 13, 4, 0, 12, 10, 1, 1, 3, 12, 14, 4, 7, 1, 9, 9, 1, 11, 9, 8, 4, 2, 4, 11, 6, 2, 11, 14, 8, 2, 10, 8, 5], [0, 0, 0, 0, 1, 0, 0, 1, 0, 1, 1, 0, 0, 1, 0, 0, 0, 1, 1, 1, 0, 1, 0, 1, 0, 0, 1, 0, 1, 0, 1, 1, 0, 0, 0, 1, 0, 0, 1, 0, 1, 0, 0, 1, 0, 0, 1, 0, 0, 1, 0, 0, 1, 0, 0, 0, 0, 1, 0, 0, 0, 1, 0, 1, 0, 0, 1, 1, 0, 0, 0, 1, 1, 1, 1, 0, 0, 0, 1, 0, 0, 0, 1, 0, 1, 0, 1, 1, 1, 1, 0, 1, 1, 1, 0, 1, 1, 1, 0, 0, 0, 1, 0, 0, 1, 0], [1, 0, 2, 3, 2, 1, 3, 0, 2, 2, 3, 2, 3, 2, 0, 0, 0, 1, 2, 3, 0, 1, 0, 3, 0, 2, 0, 1, 1, 1, 3, 3, 3, 2, 2, 0, 2, 0, 2, 3, 3, 1, 1, 3, 3, 0, 2, 2, 1, 2, 3, 0, 0, 3, 0, 0, 0, 1, 3, 2, 3, 1, 1, 2, 2, 3, 1, 2, 1, 1, 1, 1, 1, 3, 0, 0, 2, 2, 1, 0, 3, 3, 2, 2, 1, 0, 3, 1, 2, 1, 3, 1, 1, 0, 2, 0, 2, 2, 3, 1, 2, 1, 0, 2, 3, 0])
([9, 5, 5, 8, 3, 1, 11, 0, 6, 13, 9, 12, 13, 2, 10, 12, 2, 8, 8, 5, 10, 7, 14, 5, 7, 6, 11, 3, 14, 8, 3, 8, 10, 0, 5, 9, 12, 14, 4, 13, 12, 6, 8, 10, 3, 9, 2, 7, 9, 7, 0, 14, 5, 4, 7, 12, 7, 6, 5, 14, 13, 13, 0, 7, 2, 2, 11, 9, 3, 0, 10, 13, 4, 3, 5, 13, 0, 10, 12, 1, 1, 4, 12, 14, 3, 7, 1, 9, 9, 1, 11, 9, 8, 4, 2, 4, 11, 6, 2, 11, 14, 8, 2, 10, 8, 5], [0, 0, 0, 0, 0, 0, 0, 1, 0, 0, 1, 0, 0, 1, 0, 0, 0, 1, 1, 1, 0, 1, 0, 1, 0, 0, 1, 0, 1, 0, 1, 1, 0, 0, 0, 1, 0, 0, 1, 0, 1, 0, 0, 1, 0, 0, 1, 0, 0, 1, 0, 0, 1, 0, 0, 0, 0, 1, 0, 0, 0, 1, 0, 1, 0, 0, 1, 1, 0, 0, 0, 1, 1, 1, 1, 0, 0, 0, 1, 0, 0, 0, 1, 0, 1, 0, 1, 1, 1, 1, 0, 1, 1, 1, 0, 1, 1, 1, 0, 0, 0, 1, 0, 0, 1, 0], [1, 0, 2, 3, 2, 1, 3, 0, 2, 2, 3, 2, 3, 2, 0, 0, 0, 1, 2, 3, 0, 1, 0, 3, 0, 2, 0, 1, 1, 1, 3, 3, 3, 2, 2, 0, 2, 0, 2, 3, 3, 1, 1, 3, 3, 0, 2, 2, 1, 2, 3, 0, 0, 3, 0, 0, 0, 1, 3, 2, 3, 1, 1, 2, 2, 3, 1, 2, 1, 1, 1, 1, 1, 3, 0, 0, 2, 2, 1, 0, 3, 3, 2, 2, 1, 0, 3, 1, 2, 1, 3, 1, 1, 0, 2, 0, 2, 2, 3, 1, 2, 1, 0, 2, 3, 0])
([9, 5, 5, 8, 3, 1, 11, 0, 6, 13, 9, 12, 13, 2, 10, 12, 2, 8, 8, 5, 10, 7, 14, 5, 7, 6, 3, 11, 14, 8, 3, 8, 10, 5, 0, 4, 12, 14, 9, 13, 12, 6, 8, 10, 9, 3, 7, 2, 4, 7, 9, 14, 5, 0, 7, 12, 7, 6, 5, 14, 13, 13, 7, 0, 2, 11, 2, 9, 3, 0, 10, 13, 3, 5, 4, 13, 0, 10, 1, 1, 12, 12, 4, 14, 3, 7, 1, 9, 9, 1, 11, 9, 8, 4, 2, 4, 11, 6, 2, 11, 14, 8, 2, 10, 8, 5], [0, 0, 0, 0, 0, 0, 0, 1, 0, 0, 1, 0, 0, 1, 0, 1, 0, 1, 1, 1, 0, 0, 0, 0, 0, 0, 1, 0, 1, 0, 1, 1, 0, 0, 0, 1, 0, 0, 1, 0, 1, 0, 0, 1, 0, 0, 1, 0, 0, 1, 0, 0, 1, 0, 0, 0, 0, 1, 0, 0, 0, 1, 0, 1, 0, 0, 1, 1, 0, 0, 0, 1, 1, 1, 1, 0, 0, 0, 1, 0, 0, 0, 1, 0, 1, 0, 1, 1, 1, 1, 0, 1, 1, 1, 0, 1, 1, 0, 0, 0, 0, 1, 0, 0, 1, 0], [1, 0, 2, 3, 2, 1, 3, 0, 2, 2, 3, 2, 3, 2, 0, 0, 0, 1, 2, 3, 0, 1, 0, 3, 0, 2, 0, 1, 1, 1, 3, 3, 3, 2, 2, 0, 2, 0, 2, 3, 3, 1, 1, 3, 3, 0, 2, 2, 1, 2, 3, 0, 0, 3, 0, 0, 0, 1, 3, 2, 3, 1, 1, 2, 2, 3, 1, 2, 1, 1, 1, 1, 1, 3, 0, 0, 2, 2, 1, 0, 3, 3, 2, 2, 1, 0, 3, 1, 2, 1, 3, 1, 1, 0, 2, 0, 2, 2, 3, 1, 2, 1, 0, 2, 3, 0])
([9, 5, 5, 8, 3, 1, 11, 0, 6, 13, 9, 12, 13, 2, 10, 12, 2, 8, 8, 5, 10, 7, 14, 5, 7, 6, 3, 11, 14, 8, 3, 8, 10, 5, 0, 4, 9, 12, 14, 13, 12, 6, 8, 10, 9, 3, 7, 2, 4, 9, 7, 14, 5, 0, 7, 12, 7, 6, 5, 14, 13, 13, 7, 0, 2, 11, 2, 9, 0, 3, 10, 13, 5, 4, 0, 13, 3, 10, 1, 1, 12, 12, 4, 14, 3, 7, 1, 9, 9, 1, 11, 9, 8, 4, 2, 4, 11, 6, 2, 11, 14, 8, 2, 10, 8, 5], [0, 0, 0, 0, 1, 0, 0, 1, 0, 1, 1, 0, 0, 1, 0, 1, 0, 1, 1, 1, 0, 1, 0, 1, 1, 0, 1, 0, 1, 0, 1, 1, 0, 1, 0, 1, 0, 0, 1, 0, 1, 0, 0, 1, 0, 0, 1, 0, 0, 1, 0, 0, 1, 0, 0, 0, 1, 1, 0, 0, 0, 1, 0, 1, 0, 0, 1, 1, 0, 0, 0, 1, 1, 1, 1, 0, 0, 0, 1, 0, 0, 0, 1, 0, 1, 0, 1, 1, 1, 1, 0, 1, 1, 1, 0, 1, 1, 1, 0, 0, 0, 1, 0, 0, 1, 0], [1, 0, 2, 3, 2, 1, 3, 0, 2, 2, 3, 2, 3, 2, 0, 0, 0, 1, 2, 3, 0, 1, 0, 3, 0, 2, 0, 1, 1, 1, 3, 3, 3, 2, 2, 0, 2, 0, 2, 3, 3, 1, 1, 3, 3, 0, 2, 2, 1, 2, 3, 0, 0, 3, 0, 0, 0, 1, 3, 2, 3, 1, 1, 2, 2, 3, 1, 2, 1, 1, 1, 1, 1, 3, 0, 0, 2, 2, 1, 0, 3, 3, 2, 2, 1, 0, 3, 1, 2, 1, 3, 1, 1, 0, 2, 0, 2, 2, 3, 1, 2, 1, 0, 2, 3, 0])
运行时间47.36934971809387

2021-02-01 14:04:22
[{'完工时间': (201.5198665460501, 393.5872449584424, 630.1952294907065), '最大机器负荷': 192, '机器总负荷': 688}, {'完工时间': (209.65411468328497, 410.06697240685577, 628.0850634382389), '最大机器负荷': 187, '机器总负荷': 690}, {'完工时间': (196.02270789363808, 385.8120021506489, 610.6886296849414), '最大机器负荷': 187, '机器总负荷': 691}, {'完工时间': (194.2293791248205, 376.1823531947852, 596.7153585201967), '最大机器负荷': 187, '机器总负荷': 692}, {'完工时间': (182.3595766036353, 332.1862169653923, 538.2188301345822), '最大机器负荷': 181, '机器总负荷': 698}, {'完工时间': (197.26441833223876, 370.6232843431441, 593.5442404045167), '最大机器负荷': 192, '机器总负荷': 689}, {'完工时间': (183.4311010446082, 326.9003668273484, 502.83127854605476), '最大机器负荷': 202, '机器总负荷': 698}, {'完工时间': (210.20454798774745, 414.6733544444198, 656.4563210928236), '最大机器负荷': 181, '机器总负荷': 696}, {'完工时间': (171.6975874164964, 334.65667393561, 523.410519415381), '最大机器负荷': 182, '机器总负荷': 693}, {'完工时间': (189.65419929868986, 367.1908727805624, 573.8551180782772), '最大机器负荷': 196, '机器总负荷': 691}]
([2, 5, 6, 13, 0, 8, 9, 8, 14, 13, 2, 2, 12, 0, 7, 6, 4, 8, 5, 9, 12, 0, 5, 11, 11, 9, 11, 10, 7, 14, 13, 7, 3, 14, 7, 7, 13, 3, 4, 8, 10, 5, 9, 10, 13, 5, 1, 2, 9, 3, 4, 14, 1, 11, 6, 3, 7, 3, 2, 12, 14, 14, 10, 7, 1, 8, 12, 12, 11, 5, 11, 2, 2, 13, 0, 4, 5, 6, 8, 9, 8, 4, 14, 10, 5, 3, 12, 2, 10, 8, 4, 0, 12, 3, 9, 10, 7, 1, 8, 1, 0, 9, 6, 13, 5, 9], [0, 0, 1, 0, 1, 1, 0, 0, 0, 0, 1, 0, 0, 1, 0, 0, 0, 1, 1, 0, 0, 0, 0, 1, 1, 0, 1, 1, 1, 0, 0, 1, 0, 1, 0, 1, 1, 0, 1, 0, 1, 0, 0, 1, 1, 0, 1, 0, 0, 0, 0, 0, 1, 0, 0, 0, 1, 1, 0, 1, 0, 1, 0, 1, 0, 0, 1, 1, 0, 0, 0, 1, 1, 0, 1, 0, 0, 0, 1, 0, 0, 0, 1, 0, 0, 0, 1, 0, 0, 1, 1, 1, 1, 1, 1, 1, 0, 0, 0, 0, 0, 1, 0, 1, 1, 1], [1, 3, 0, 0, 2, 2, 1, 1, 2, 2, 0, 0, 1, 1, 3, 1, 3, 3, 0, 2, 2, 2, 1, 1, 1, 2, 1, 3, 2, 1, 1, 3, 3, 2, 3, 1, 2, 0, 0, 3, 2, 1, 2, 0, 1, 3, 1, 0, 3, 1, 3, 1, 2, 3, 2, 3, 0, 2, 2, 3, 3, 2, 2, 1, 3, 2, 0, 1, 3, 1, 3, 2, 3, 3, 0, 1, 2, 0, 3, 2, 0, 0, 2, 1, 3, 0, 3, 2, 2, 3, 1, 2, 1, 2, 2, 2, 2, 2, 2, 3, 2, 2, 0, 0, 3, 2])
([8, 11, 6, 2, 10, 0, 13, 5, 8, 11, 14, 2, 8, 12, 1, 9, 10, 7, 13, 11, 7, 2, 8, 6, 4, 12, 3, 5, 5, 9, 3, 14, 3, 1, 10, 14, 8, 3, 10, 0, 13, 0, 7, 14, 3, 1, 1, 7, 4, 7, 2, 8, 11, 10, 8, 6, 9, 4, 0, 8, 5, 7, 11, 2, 5, 2, 9, 7, 12, 9, 2, 13, 14, 4, 14, 10, 12, 13, 3, 5, 4, 6, 13, 10, 5, 9, 2, 12, 5, 14, 9, 4, 11, 12, 1, 8, 0, 6, 3, 12, 7, 0, 9, 13, 5, 9], [0, 0, 1, 0, 1, 1, 0, 0, 0, 0, 1, 0, 0, 1, 0, 0, 0, 1, 1, 0, 0, 0, 0, 1, 1, 0, 1, 1, 1, 0, 1, 1, 0, 1, 0, 1, 1, 0, 1, 0, 1, 0, 0, 1, 1, 0, 1, 0, 0, 0, 0, 0, 1, 0, 0, 0, 1, 1, 0, 1, 0, 1, 0, 1, 0, 0, 1, 1, 0, 0, 0, 1, 1, 0, 1, 0, 0, 0, 1, 0, 0, 0, 1, 0, 0, 0, 1, 0, 0, 1, 1, 1, 1, 1, 1, 1, 0, 0, 0, 0, 0, 1, 0, 1, 1, 1], [1, 3, 0, 0, 2, 2, 1, 1, 2, 2, 0, 0, 1, 1, 3, 1, 3, 3, 0, 2, 2, 2, 1, 1, 1, 2, 1, 3, 2, 1, 1, 3, 3, 2, 3, 1, 2, 0, 0, 3, 2, 1, 2, 0, 1, 3, 1, 0, 3, 1, 3, 1, 2, 3, 2, 3, 0, 2, 2, 3, 3, 2, 2, 1, 3, 2, 0, 1, 3, 1, 3, 2, 3, 3, 0, 1, 2, 0, 3, 2, 0, 0, 2, 1, 3, 0, 3, 2, 2, 3, 1, 2, 1, 2, 2, 2, 2, 2, 2, 3, 2, 2, 0, 0, 3, 2])
([8, 3, 11, 6, 2, 5, 13, 8, 11, 0, 2, 8, 14, 1, 9, 7, 4, 13, 12, 11, 3, 7, 0, 2, 8, 6, 12, 9, 10, 5, 5, 14, 1, 14, 8, 0, 5, 13, 4, 3, 10, 5, 7, 10, 12, 14, 12, 1, 1, 7, 7, 4, 2, 8, 11, 8, 6, 9, 12, 10, 5, 8, 7, 3, 14, 11, 2, 14, 2, 9, 7, 9, 2, 4, 5, 13, 0, 3, 13, 12, 4, 10, 6, 5, 13, 3, 9, 10, 2, 4, 3, 9, 12, 11, 1, 10, 8, 14, 6, 0, 7, 0, 9, 13, 5, 9], [1, 0, 1, 0, 1, 1, 0, 0, 0, 0, 1, 0, 0, 1, 0, 0, 0, 1, 1, 0, 0, 0, 0, 1, 1, 0, 1, 1, 1, 0, 0, 1, 0, 1, 0, 1, 1, 0, 1, 0, 1, 0, 0, 1, 1, 0, 1, 0, 0, 0, 0, 0, 1, 0, 0, 0, 1, 1, 0, 1, 0, 1, 0, 1, 0, 0, 1, 1, 0, 0, 0, 1, 1, 0, 1, 0, 0, 0, 1, 0, 0, 0, 1, 0, 0, 0, 1, 0, 0, 1, 1, 1, 1, 1, 1, 1, 0, 0, 0, 0, 0, 1, 0, 1, 1, 0], [3, 3, 0, 2, 0, 1, 0, 3, 1, 3, 2, 0, 2, 2, 0, 1, 0, 3, 3, 0, 3, 1, 3, 3, 0, 3, 3, 1, 0, 2, 1, 0, 2, 1, 1, 3, 0, 0, 3, 2, 3, 1, 1, 2, 0, 2, 0, 3, 2, 1, 2, 1, 3, 3, 1, 0, 3, 1, 2, 0, 0, 3, 2, 1, 3, 3, 2, 2, 1, 0, 3, 2, 1, 3, 1, 0, 1, 2, 3, 3, 2, 3, 2, 0, 3, 0, 2, 2, 2, 1, 2, 3, 3, 3, 2, 3, 0, 1, 0, 0, 2, 2, 3, 0, 1, 1])
([2, 5, 6, 8, 13, 0, 8, 14, 13, 2, 2, 9, 12, 0, 6, 8, 7, 3, 5, 7, 12, 4, 5, 11, 14, 9, 11, 13, 11, 10, 9, 7, 3, 8, 7, 3, 7, 14, 4, 13, 10, 5, 13, 10, 1, 5, 2, 0, 6, 1, 9, 3, 4, 11, 8, 3, 9, 12, 10, 7, 12, 12, 2, 11, 5, 14, 11, 7, 1, 4, 2, 2, 5, 13, 8, 0, 14, 14, 9, 4, 10, 5, 6, 3, 12, 8, 10, 2, 8, 9, 14, 4, 12, 0, 3, 10, 7, 1, 6, 0, 8, 1, 9, 13, 5, 9], [1, 0, 1, 0, 1, 1, 0, 0, 0, 0, 1, 0, 0, 1, 0, 0, 0, 1, 1, 0, 0, 0, 0, 1, 1, 0, 1, 1, 1, 0, 0, 1, 0, 1, 0, 1, 1, 0, 1, 0, 1, 0, 0, 1, 1, 0, 1, 0, 0, 0, 0, 0, 1, 0, 0, 0, 1, 1, 0, 1, 0, 1, 0, 1, 0, 0, 1, 1, 0, 0, 0, 1, 1, 0, 1, 0, 0, 0, 1, 0, 0, 0, 1, 0, 0, 0, 1, 0, 0, 1, 1, 1, 0, 1, 1, 1, 0, 0, 0, 0, 0, 1, 0, 1, 1, 0], [3, 3, 0, 2, 0, 1, 0, 3, 1, 3, 2, 0, 2, 2, 0, 1, 0, 3, 3, 0, 3, 1, 3, 3, 0, 3, 3, 1, 0, 2, 1, 0, 2, 1, 1, 3, 0, 0, 3, 2, 3, 1, 1, 2, 0, 2, 0, 3, 2, 1, 2, 1, 3, 3, 1, 0, 3, 1, 2, 0, 0, 3, 2, 1, 3, 3, 2, 2, 1, 0, 3, 2, 1, 3, 1, 0, 1, 2, 3, 3, 2, 3, 2, 0, 3, 0, 2, 2, 2, 1, 2, 3, 3, 3, 2, 3, 0, 1, 0, 0, 2, 2, 3, 0, 1, 1])
([11, 13, 6, 2, 10, 0, 1, 8, 5, 11, 1, 2, 8, 13, 14, 12, 9, 10, 7, 11, 7, 2, 4, 8, 12, 3, 9, 6, 5, 10, 5, 3, 14, 8, 3, 10, 7, 2, 13, 7, 4, 7, 14, 13, 13, 3, 13, 14, 3, 9, 2, 4, 10, 11, 8, 0, 6, 7, 1, 6, 2, 0, 5, 11, 5, 9, 2, 7, 9, 12, 0, 4, 8, 14, 14, 1, 10, 12, 3, 8, 4, 10, 5, 5, 9, 2, 12, 8, 5, 9, 4, 14, 11, 12, 0, 0, 7, 3, 12, 8, 6, 9, 13, 5, 9, 1], [0, 0, 1, 0, 1, 1, 0, 0, 0, 0, 1, 0, 0, 1, 0, 0, 0, 1, 1, 0, 0, 0, 0, 1, 1, 0, 1, 1, 1, 0, 1, 1, 0, 1, 0, 1, 1, 0, 1, 0, 1, 0, 0, 1, 1, 0, 1, 0, 0, 0, 0, 0, 1, 0, 0, 0, 1, 1, 0, 1, 0, 1, 0, 1, 0, 0, 1, 1, 0, 0, 0, 1, 1, 0, 1, 0, 0, 0, 1, 0, 0, 0, 1, 0, 0, 0, 1, 0, 0, 1, 1, 1, 0, 1, 1, 1, 1, 1, 0, 0, 0, 0, 0, 1, 0, 0], [3, 0, 0, 3, 0, 0, 0, 0, 1, 3, 3, 2, 0, 1, 0, 1, 1, 3, 3, 2, 3, 1, 0, 0, 3, 0, 1, 0, 2, 1, 0, 1, 1, 2, 0, 3, 3, 3, 3, 1, 1, 2, 3, 1, 3, 0, 0, 3, 3, 3, 1, 3, 0, 3, 1, 0, 3, 1, 0, 2, 1, 2, 1, 3, 2, 1, 3, 0, 3, 3, 1, 2, 0, 3, 2, 2, 3, 2, 2, 1, 2, 1, 2, 2, 2, 0, 1, 0, 0, 0, 0, 0, 0, 0, 0, 0, 0, 3, 0, 2, 3, 2, 0, 3, 0, 0])
([2, 5, 6, 8, 13, 0, 8, 13, 14, 2, 2, 9, 12, 0, 8, 6, 7, 3, 5, 7, 12, 4, 5, 11, 9, 11, 13, 11, 10, 14, 9, 7, 3, 14, 8, 7, 3, 7, 4, 13, 10, 5, 13, 10, 1, 5, 2, 0, 1, 9, 3, 14, 4, 11, 6, 8, 3, 9, 12, 10, 14, 14, 7, 12, 12, 2, 11, 5, 11, 7, 1, 4, 2, 2, 5, 13, 8, 6, 0, 9, 4, 10, 14, 5, 3, 12, 8, 10, 2, 8, 9, 4, 12, 0, 3, 10, 7, 1, 0, 8, 1, 9, 6, 13, 5, 9], [0, 0, 1, 0, 1, 1, 0, 0, 0, 0, 1, 0, 0, 1, 0, 0, 0, 1, 1, 0, 0, 0, 0, 1, 1, 0, 1, 1, 1, 0, 0, 1, 0, 1, 0, 1, 1, 0, 1, 0, 1, 0, 0, 1, 1, 0, 1, 0, 0, 0, 0, 0, 1, 0, 0, 0, 1, 1, 0, 1, 0, 1, 0, 1, 0, 0, 1, 1, 0, 0, 0, 1, 1, 0, 1, 0, 0, 0, 1, 0, 0, 0, 1, 0, 0, 0, 1, 0, 0, 1, 1, 1, 0, 1, 1, 1, 0, 0, 0, 0, 0, 1, 0, 1, 1, 1], [1, 3, 0, 0, 2, 2, 1, 1, 2, 2, 0, 0, 1, 1, 3, 1, 3, 3, 0, 2, 2, 2, 1, 1, 1, 2, 1, 3, 2, 1, 1, 3, 3, 2, 3, 1, 2, 0, 0, 3, 2, 1, 2, 0, 1, 3, 1, 0, 3, 1, 3, 1, 2, 3, 2, 3, 0, 2, 2, 3, 3, 2, 2, 1, 3, 2, 0, 1, 3, 1, 3, 2, 3, 3, 0, 1, 2, 0, 3, 2, 0, 0, 2, 1, 3, 0, 3, 2, 2, 3, 1, 2, 1, 2, 2, 2, 2, 2, 2, 3, 2, 2, 0, 0, 3, 2])
([11, 13, 6, 2, 10, 0, 1, 8, 5, 11, 1, 2, 8, 13, 14, 12, 9, 10, 7, 11, 7, 2, 4, 8, 12, 3, 9, 6, 5, 10, 5, 3, 14, 8, 3, 10, 7, 2, 13, 7, 4, 7, 14, 13, 13, 3, 13, 14, 3, 9, 2, 4, 10, 11, 8, 0, 6, 7, 1, 6, 2, 0, 5, 11, 5, 9, 2, 7, 9, 12, 0, 4, 8, 14, 14, 1, 10, 12, 3, 8, 4, 10, 5, 5, 9, 2, 12, 8, 5, 9, 4, 14, 11, 12, 0, 0, 7, 3, 12, 8, 6, 9, 13, 5, 9, 1], [0, 0, 1, 0, 1, 1, 0, 0, 0, 0, 1, 0, 1, 0, 1, 0, 0, 1, 1, 0, 0, 0, 0, 1, 1, 0, 1, 1, 1, 0, 1, 1, 0, 1, 0, 1, 1, 0, 1, 0, 1, 0, 0, 1, 1, 0, 1, 0, 0, 0, 0, 0, 1, 0, 0, 0, 1, 1, 0, 1, 0, 1, 0, 1, 0, 0, 1, 1, 0, 0, 0, 1, 1, 0, 1, 0, 0, 0, 1, 0, 0, 0, 1, 0, 0, 0, 1, 0, 0, 1, 1, 1, 1, 1, 1, 1, 0, 0, 0, 0, 0, 0, 0, 1, 0, 0], [3, 0, 0, 3, 0, 0, 0, 0, 1, 3, 3, 2, 0, 1, 0, 1, 1, 3, 3, 2, 3, 1, 0, 0, 3, 0, 1, 0, 2, 1, 0, 1, 1, 2, 0, 3, 3, 3, 3, 1, 1, 2, 3, 1, 3, 0, 0, 3, 3, 3, 1, 3, 0, 3, 1, 0, 3, 1, 0, 2, 1, 2, 1, 3, 2, 1, 3, 0, 3, 3, 1, 2, 0, 3, 2, 2, 3, 2, 2, 1, 2, 1, 2, 2, 2, 0, 1, 0, 0, 0, 0, 0, 0, 0, 0, 0, 0, 3, 0, 2, 3, 2, 0, 3, 0, 0])
([3, 13, 6, 2, 10, 5, 0, 8, 9, 14, 8, 13, 12, 2, 3, 11, 10, 7, 0, 7, 12, 2, 4, 5, 8, 9, 6, 5, 10, 11, 10, 11, 14, 9, 7, 13, 13, 7, 13, 7, 14, 4, 8, 9, 1, 2, 11, 10, 1, 13, 9, 4, 0, 5, 3, 5, 6, 7, 12, 2, 6, 8, 14, 12, 12, 2, 11, 5, 7, 3, 1, 2, 4, 8, 14, 14, 11, 9, 10, 8, 5, 4, 10, 0, 3, 12, 2, 8, 5, 3, 3, 4, 12, 14, 0, 9, 7, 1, 0, 8, 1, 6, 9, 13, 5, 9], [0, 0, 1, 0, 1, 1, 0, 0, 0, 0, 1, 0, 0, 1, 0, 0, 0, 1, 1, 0, 0, 0, 0, 1, 1, 0, 1, 1, 1, 0, 1, 1, 0, 1, 0, 1, 1, 0, 1, 0, 1, 0, 0, 1, 1, 0, 1, 0, 0, 0, 0, 0, 1, 0, 0, 0, 1, 1, 0, 1, 0, 1, 0, 1, 0, 0, 1, 1, 0, 0, 0, 1, 1, 0, 1, 0, 0, 0, 1, 0, 0, 0, 1, 0, 0, 0, 1, 0, 0, 1, 1, 1, 1, 1, 1, 1, 1, 1, 0, 0, 0, 0, 0, 1, 0, 1], [1, 3, 0, 0, 2, 2, 1, 1, 2, 2, 0, 0, 1, 1, 3, 1, 3, 3, 0, 2, 2, 2, 1, 1, 1, 2, 1, 3, 2, 1, 1, 3, 3, 2, 3, 1, 2, 0, 0, 3, 2, 1, 2, 0, 1, 3, 1, 0, 3, 1, 3, 1, 2, 3, 2, 3, 0, 2, 2, 3, 3, 2, 2, 1, 3, 2, 0, 1, 3, 1, 3, 2, 3, 3, 0, 1, 2, 0, 3, 2, 0, 0, 2, 1, 3, 0, 3, 2, 2, 3, 1, 2, 1, 2, 2, 2, 2, 2, 2, 3, 2, 2, 0, 0, 3, 2])
([8, 11, 6, 13, 10, 2, 0, 5, 8, 11, 14, 9, 2, 13, 8, 12, 10, 7, 11, 2, 7, 8, 6, 4, 12, 9, 5, 5, 8, 9, 13, 14, 13, 3, 10, 14, 0, 13, 10, 3, 9, 1, 7, 14, 0, 1, 13, 7, 4, 7, 9, 2, 8, 10, 11, 8, 3, 6, 4, 0, 8, 7, 5, 3, 11, 3, 2, 7, 5, 2, 12, 2, 14, 4, 14, 10, 1, 12, 9, 5, 4, 6, 5, 10, 2, 3, 12, 5, 4, 14, 11, 12, 8, 0, 3, 6, 9, 12, 1, 0, 7, 1, 9, 13, 5, 9], [1, 0, 1, 0, 1, 1, 0, 0, 0, 0, 1, 0, 0, 1, 0, 0, 0, 1, 1, 0, 0, 0, 0, 1, 1, 0, 1, 1, 1, 0, 1, 1, 0, 1, 0, 1, 1, 0, 1, 0, 1, 0, 0, 1, 1, 0, 1, 0, 0, 0, 0, 0, 1, 0, 0, 0, 1, 1, 0, 1, 0, 1, 0, 1, 0, 0, 1, 1, 0, 0, 0, 1, 1, 0, 1, 0, 0, 0, 1, 0, 0, 0, 1, 0, 0, 0, 1, 0, 0, 1, 1, 1, 1, 1, 1, 1, 0, 0, 0, 0, 0, 1, 0, 1, 1, 0], [3, 3, 0, 2, 0, 1, 0, 3, 1, 3, 2, 0, 2, 2, 0, 1, 0, 3, 3, 0, 3, 1, 3, 3, 0, 3, 3, 1, 0, 2, 1, 0, 2, 1, 1, 3, 0, 0, 3, 2, 3, 1, 1, 2, 0, 2, 0, 3, 2, 1, 2, 1, 3, 3, 1, 0, 3, 1, 2, 0, 0, 3, 2, 1, 3, 3, 2, 2, 1, 0, 3, 2, 1, 3, 1, 0, 1, 2, 3, 3, 2, 3, 2, 0, 3, 0, 2, 2, 2, 1, 2, 3, 3, 3, 2, 3, 0, 1, 0, 0, 2, 2, 3, 0, 1, 1])
([3, 13, 6, 10, 2, 5, 1, 8, 0, 9, 14, 1, 8, 13, 3, 2, 11, 10, 7, 12, 7, 4, 2, 8, 5, 5, 9, 6, 12, 10, 11, 10, 11, 14, 9, 13, 7, 13, 13, 7, 8, 7, 14, 4, 13, 9, 11, 10, 0, 5, 9, 4, 2, 0, 3, 8, 5, 7, 6, 6, 14, 1, 0, 11, 12, 7, 3, 4, 2, 8, 14, 2, 14, 11, 2, 5, 10, 9, 12, 8, 4, 10, 5, 1, 3, 2, 12, 8, 5, 3, 3, 4, 14, 0, 9, 12, 7, 12, 0, 8, 6, 9, 13, 5, 9, 1], [1, 0, 1, 0, 1, 1, 0, 0, 0, 0, 1, 0, 0, 1, 0, 0, 0, 1, 1, 0, 0, 0, 0, 1, 1, 0, 1, 1, 1, 0, 0, 1, 0, 0, 0, 0, 1, 0, 1, 0, 0, 0, 0, 1, 0, 0, 1, 0, 0, 0, 0, 0, 1, 0, 0, 0, 1, 1, 0, 1, 0, 1, 0, 1, 0, 0, 1, 1, 0, 0, 0, 1, 1, 0, 1, 0, 0, 0, 1, 0, 0, 0, 1, 0, 0, 0, 1, 0, 0, 1, 1, 1, 1, 1, 1, 1, 0, 0, 0, 0, 0, 1, 0, 1, 1, 0], [3, 3, 0, 2, 0, 1, 0, 3, 1, 3, 2, 0, 2, 2, 0, 1, 0, 3, 3, 0, 3, 1, 3, 3, 0, 3, 3, 1, 0, 2, 1, 0, 2, 1, 1, 3, 0, 0, 3, 2, 3, 1, 1, 2, 0, 2, 0, 3, 2, 1, 2, 1, 3, 3, 1, 0, 3, 1, 2, 0, 0, 3, 2, 1, 3, 3, 2, 2, 1, 0, 3, 2, 1, 3, 1, 0, 1, 2, 3, 3, 2, 3, 2, 0, 3, 0, 2, 2, 2, 1, 2, 3, 3, 3, 2, 3, 0, 1, 0, 0, 2, 2, 3, 0, 1, 1])
运行时间48.304895639419556

