9.305125349116014633e+00
9.364463601883207033e+00
9.364993771251551635e+00
9.364993771251551635e+00
9.388662497574083332e+00
9.393191706106065908e+00
9.398643106618019161e+00
9.398643106618019161e+00
9.398643106618019161e+00
9.420728701828966933e+00
9.420728701828966933e+00
9.444884775097580842e+00
9.447884751672761539e+00
9.447884751672761539e+00
9.460925571462988515e+00
9.460930871113575336e+00
9.470090325831121092e+00
9.472122695836704409e+00
9.496718962622882287e+00
9.496718962622882287e+00
9.496718962622882287e+00
9.503622807547865037e+00
9.513969036129644508e+00
9.517751708945260347e+00
9.517751708945260347e+00
9.517751708945260347e+00
9.526523425657579480e+00
9.528109476844784709e+00
9.533949360749812030e+00
9.536593465027934258e+00
9.539943900959221068e+00
9.539950140645071741e+00
9.541945281151658520e+00
9.545456885517763723e+00
9.545456885517763723e+00
9.546047663708611353e+00
9.546047663708611353e+00
9.546554132815957772e+00
9.546554132815957772e+00
9.547323048775723464e+00
9.548713402878814094e+00
9.549299700940929725e+00
9.550233036650613627e+00
9.551378271638153450e+00
9.553117731732761797e+00
9.554171397361843177e+00
9.554188087952939057e+00
9.554326755338939492e+00
9.554553811824947118e+00
9.555175232492482351e+00
