1.2150032655622454
1.2150032655622454
1.2150032655622454
1.2150032655622454
1.2150032655622454
1.3428094488190254
1.2150032655622454
1.1630553310691312
1.2150032655622454
1.2150032655622454
1.1630553310691312
1.2150032655622454
1.2150032655622454
1.2150032655622454
1.1630553310691312
1.3428094488190254
0.04592608585380731
1.3428094488190254
1.2150032655622454
1.1630553310691312
1.1630553310691312
1.2150032655622454
1.2150032655622454
1.3428094488190254
1.1630553310691312
1.1630553310691312
1.2150032655622454
1.2150032655622454
1.2150032655622454
1.1630553310691312
1.2150032655622454
1.2150032655622454
1.1630553310691312
1.2150032655622454
1.3428094488190254
1.2150032655622454
1.1630553310691312
1.2150032655622454
1.2150032655622454
1.1630553310691312
1.1630553310691312
1.2150032655622454
1.2150032655622454
1.3428094488190254
1.1630553310691312
1.2150032655622454
1.2150032655622454
0.7390487916823076
1.2150032655622454
1.2150032655622454
1.2150032655622454
0.04592608585380731
1.1630553310691312
1.2150032655622454
1.1630553310691312
1.2150032655622454
1.2150032655622454
1.2150032655622454
1.2150032655622454
1.2150032655622454
1.2150032655622454
1.1630553310691312
1.2150032655622454
1.1630553310691312
1.2150032655622454
1.3428094488190254
1.1630553310691312
1.2150032655622454
1.2150032655622454
1.2150032655622454
1.2150032655622454
1.2150032655622454
0.04592608585380731
1.2150032655622454
1.2150032655622454
1.2150032655622454
1.2150032655622454
1.2150032655622454
2.168985723012952
1.2150032655622454
1.2150032655622454
1.2150032655622454
1.3428094488190254
1.1630553310691312
1.3428094488190254
1.2150032655622454
1.2150032655622454
1.1630553310691312
1.3428094488190254
1.2150032655622454
1.2150032655622454
1.2150032655622454
0.04592608585380731
1.2150032655622454
1.2150032655622454
1.2150032655622454
1.1630553310691312
1.1630553310691312
1.2150032655622454
1.2150032655622454
1.2150032655622454
1.1630553310691312
1.2150032655622454
1.2150032655622454
1.1630553310691312
1.2150032655622454
