2021-03-15 21:28:43
[[20, 17, 89], [23, 20, 85], [22, 19, 87], [21, 20, 88]]
([0, 3, 4, 5, 6, 3, 1, 1, 7, 2, 5, 6, 0, 1, 4, 4, 2, 0, 7, 7, 3, 7, 2, 6, 1, 5, 4], [3, 3, 1, 2, 2, 4, 4, 4, 2, 2, 1, 5, 1, 0, 3, 4, 5, 2, 6, 1, 2, 5, 2, 0, 1, 6, 3], [1, 2, 2, 0, 7, 4, 2, 1, 5, 7, 1, 6, 5, 5, 4, 2, 6, 4, 2, 0, 5, 6, 0, 4, 4, 2, 5])
([4, 0, 3, 5, 6, 1, 1, 3, 7, 2, 5, 1, 4, 6, 0, 4, 2, 0, 7, 7, 3, 1, 4, 5, 7, 2, 6], [1, 3, 1, 2, 2, 4, 4, 4, 2, 1, 1, 5, 4, 0, 3, 4, 5, 2, 6, 1, 2, 5, 2, 0, 1, 6, 3], [1, 2, 2, 0, 7, 4, 2, 1, 5, 7, 1, 6, 5, 5, 4, 2, 6, 4, 2, 0, 5, 6, 0, 4, 4, 2, 5])
([0, 5, 3, 6, 4, 2, 5, 1, 1, 7, 6, 1, 0, 3, 4, 2, 0, 7, 7, 4, 4, 7, 5, 6, 1, 3, 2], [3, 3, 1, 2, 2, 4, 4, 4, 2, 1, 1, 5, 4, 0, 3, 4, 5, 2, 6, 1, 2, 5, 2, 0, 1, 6, 1], [6, 1, 0, 1, 0, 0, 5, 6, 3, 2, 6, 2, 3, 5, 0, 2, 7, 3, 0, 1, 4, 2, 7, 1, 0, 1, 7])
([0, 3, 7, 5, 6, 1, 1, 4, 2, 5, 6, 1, 0, 3, 7, 4, 7, 2, 0, 4, 7, 4, 3, 6, 2, 1, 5], [3, 3, 1, 2, 2, 4, 4, 4, 2, 1, 1, 5, 1, 0, 3, 4, 5, 2, 6, 1, 2, 5, 2, 0, 1, 6, 3], [1, 2, 2, 0, 7, 4, 2, 1, 5, 7, 1, 6, 5, 5, 4, 2, 6, 4, 2, 0, 5, 6, 0, 4, 4, 2, 5])
运行时间23.353528261184692

2021-03-24 20:10:56
[[19, 13, 81, 806], [15, 14, 77, 759], [16, 16, 78, 716], [16, 16, 75, 747], [19, 13, 82, 777], [16, 16, 76, 718], [15, 14, 78, 730]]
([1, 3, 2, 5, 1, 0, 4, 7, 4, 1, 6, 0, 5, 6, 7, 2, 3, 4, 4, 7, 1, 6, 2, 7, 0, 5, 3], [1, 3, 3, 0, 2, 4, 4, 4, 2, 0, 1, 5, 2, 0, 2, 4, 5, 2, 6, 2, 1, 5, 2, 0, 1, 6, 3], [3, 0, 4, 2, 3, 1, 0, 0, 6, 4, 4, 7, 7, 7, 6, 2, 0, 5, 6, 1, 0, 5, 5, 2, 3, 1, 1])
([0, 3, 5, 1, 4, 1, 7, 2, 6, 5, 4, 6, 0, 2, 7, 3, 7, 4, 6, 1, 4, 1, 7, 0, 2, 5, 3], [3, 3, 3, 2, 2, 4, 4, 4, 1, 0, 1, 5, 2, 0, 2, 4, 5, 2, 6, 1, 1, 5, 2, 0, 1, 6, 3], [3, 0, 4, 2, 3, 1, 0, 0, 6, 4, 4, 7, 7, 7, 6, 2, 0, 5, 6, 1, 0, 5, 5, 2, 3, 1, 1])
([1, 3, 0, 5, 4, 1, 7, 2, 6, 5, 0, 6, 4, 2, 7, 3, 7, 4, 6, 1, 1, 0, 7, 4, 2, 5, 3], [3, 3, 4, 2, 2, 4, 4, 4, 2, 0, 1, 6, 2, 0, 2, 4, 5, 2, 6, 1, 1, 5, 2, 0, 1, 6, 3], [3, 0, 4, 2, 3, 1, 0, 0, 6, 4, 4, 7, 7, 7, 6, 2, 0, 5, 6, 1, 0, 5, 5, 2, 3, 1, 1])
([1, 0, 3, 1, 2, 5, 4, 7, 6, 1, 4, 5, 6, 2, 7, 0, 6, 3, 4, 4, 7, 1, 2, 7, 0, 5, 3], [3, 3, 3, 2, 2, 4, 4, 4, 2, 0, 1, 5, 2, 0, 2, 4, 5, 2, 6, 1, 1, 5, 2, 0, 1, 6, 3], [3, 0, 4, 2, 3, 1, 0, 0, 6, 4, 4, 7, 7, 7, 6, 2, 0, 5, 6, 1, 0, 5, 5, 2, 3, 1, 1])
([0, 3, 5, 1, 4, 1, 7, 2, 6, 5, 0, 6, 4, 2, 7, 3, 7, 4, 6, 1, 0, 1, 7, 4, 2, 5, 3], [1, 3, 3, 0, 2, 4, 4, 4, 2, 0, 1, 6, 2, 0, 2, 4, 5, 2, 6, 2, 1, 5, 2, 0, 1, 6, 3], [3, 0, 4, 2, 3, 1, 0, 0, 6, 4, 4, 7, 7, 7, 6, 2, 0, 5, 6, 1, 0, 5, 5, 2, 3, 1, 1])
([1, 0, 3, 1, 2, 5, 4, 7, 6, 0, 4, 5, 6, 2, 7, 1, 6, 3, 4, 4, 7, 1, 2, 7, 0, 5, 3], [3, 3, 3, 2, 2, 4, 4, 4, 2, 0, 1, 6, 2, 0, 2, 4, 5, 2, 6, 1, 1, 5, 2, 0, 1, 6, 3], [7, 4, 0, 7, 0, 1, 6, 5, 7, 0, 5, 5, 6, 7, 7, 7, 6, 3, 1, 3, 1, 6, 2, 4, 5, 6, 0])
([0, 3, 5, 1, 4, 1, 7, 2, 6, 5, 0, 6, 4, 2, 7, 3, 7, 4, 6, 1, 0, 1, 7, 4, 2, 5, 3], [3, 3, 3, 2, 2, 4, 4, 4, 1, 0, 1, 6, 2, 0, 2, 4, 5, 2, 6, 1, 1, 5, 2, 0, 1, 6, 3], [3, 0, 4, 2, 3, 1, 0, 0, 6, 4, 4, 7, 7, 7, 6, 2, 0, 5, 6, 1, 0, 5, 5, 2, 3, 1, 1])
运行时间28.456675052642822

2021-03-24 20:13:53
[[16, 14, 76, 742], [18, 16, 79, 711], [16, 14, 77, 713]]
([4, 1, 5, 2, 3, 6, 0, 4, 3, 0, 4, 5, 7, 7, 6, 5, 1, 1, 7, 2, 6, 1, 0, 2, 3, 4, 7], [1, 3, 3, 2, 2, 4, 4, 4, 2, 0, 7, 5, 2, 0, 2, 4, 5, 2, 6, 1, 2, 5, 2, 0, 1, 6, 3], [3, 5, 0, 4, 0, 1, 3, 2, 0, 5, 2, 3, 3, 7, 5, 0, 5, 6, 2, 2, 7, 1, 1, 4, 4, 5, 6])
([4, 1, 5, 2, 3, 6, 0, 4, 3, 0, 5, 4, 7, 7, 6, 5, 1, 1, 7, 2, 6, 1, 0, 2, 3, 7, 4], [1, 3, 4, 2, 2, 4, 4, 4, 2, 0, 7, 6, 2, 0, 2, 4, 5, 2, 6, 1, 2, 5, 2, 0, 1, 6, 3], [3, 5, 0, 4, 0, 1, 3, 2, 0, 5, 2, 3, 3, 7, 5, 0, 5, 6, 2, 2, 7, 1, 1, 4, 4, 5, 6])
([4, 1, 2, 5, 3, 6, 0, 4, 3, 7, 4, 0, 5, 7, 6, 5, 1, 1, 7, 2, 6, 1, 0, 2, 3, 4, 7], [1, 3, 3, 2, 2, 4, 4, 4, 2, 0, 7, 6, 2, 0, 2, 4, 5, 2, 6, 1, 2, 5, 2, 0, 1, 6, 3], [3, 5, 0, 4, 0, 1, 3, 2, 0, 5, 2, 3, 3, 7, 5, 0, 5, 6, 2, 2, 7, 1, 1, 4, 4, 5, 6])
运行时间30.461655855178833

2021-03-24 20:15:32
[[16, 15, 88, 825], [19, 18, 87, 776], [18, 15, 86, 811], [18, 16, 86, 805], [16, 16, 88, 819]]
([7, 4, 6, 3, 0, 3, 4, 5, 7, 2, 6, 7, 1, 4, 1, 2, 5, 0, 7, 0, 2, 6, 5, 1, 3, 1, 4], [1, 1, 5, 2, 2, 4, 4, 4, 2, 0, 7, 5, 4, 0, 2, 4, 5, 2, 5, 1, 2, 5, 2, 4, 1, 6, 1], [3, 6, 1, 5, 1, 2, 5, 2, 6, 0, 1, 4, 5, 3, 6, 0, 5, 6, 2, 3, 7, 4, 0, 0, 0, 2, 5])
([4, 0, 5, 7, 6, 3, 1, 4, 1, 2, 4, 2, 5, 6, 7, 0, 1, 3, 7, 7, 6, 0, 5, 2, 4, 1, 3], [3, 1, 5, 2, 2, 4, 4, 4, 2, 0, 7, 6, 4, 0, 2, 4, 5, 2, 5, 1, 2, 5, 2, 4, 1, 6, 3], [1, 0, 1, 0, 2, 1, 6, 7, 3, 3, 1, 2, 6, 0, 6, 2, 7, 0, 4, 2, 7, 3, 0, 3, 3, 2, 5])
([6, 4, 2, 0, 3, 1, 2, 4, 6, 5, 7, 3, 1, 7, 4, 0, 5, 7, 6, 7, 0, 1, 5, 4, 2, 3, 1], [1, 1, 5, 2, 2, 4, 4, 4, 2, 0, 7, 5, 4, 0, 2, 4, 5, 2, 5, 1, 2, 5, 2, 4, 1, 6, 3], [1, 0, 1, 0, 2, 1, 6, 7, 3, 3, 1, 2, 6, 0, 6, 2, 7, 0, 4, 2, 7, 3, 0, 3, 3, 2, 5])
([3, 0, 4, 7, 6, 3, 4, 4, 2, 5, 6, 1, 1, 2, 7, 2, 5, 0, 7, 7, 6, 5, 1, 0, 4, 3, 1], [3, 1, 5, 2, 2, 4, 4, 4, 2, 0, 7, 5, 4, 0, 2, 4, 5, 2, 5, 1, 2, 5, 2, 4, 1, 6, 3], [1, 0, 1, 0, 2, 1, 6, 7, 3, 3, 1, 2, 6, 0, 6, 2, 7, 0, 4, 2, 7, 3, 0, 3, 3, 2, 5])
([7, 0, 6, 3, 4, 3, 4, 5, 7, 2, 6, 7, 1, 4, 1, 2, 5, 0, 7, 0, 2, 6, 5, 1, 3, 1, 4], [3, 1, 5, 2, 2, 4, 4, 4, 2, 0, 7, 5, 4, 0, 2, 4, 5, 2, 5, 1, 2, 5, 2, 4, 1, 6, 1], [3, 6, 1, 5, 1, 2, 5, 2, 6, 0, 1, 4, 5, 3, 6, 0, 5, 6, 2, 3, 7, 4, 0, 0, 0, 2, 5])
运行时间28.91104292869568

