
2021-03-24 20:21:42
[[25, 22, 94, 813], [25, 19, 95, 864], [25, 20, 94, 843]]
([7, 4, 2, 1, 1, 3, 5, 3, 6, 4, 1, 0, 1, 7, 6, 2, 0, 3, 4, 5, 6, 7, 2, 4, 7, 5, 0], [3, 1, 4, 2, 2, 4, 4, 4, 1, 0, 1, 6, 2, 0, 2, 5, 3, 2, 6, 3, 2, 5, 2, 0, 1, 6, 3], [1, 3, 2, 7, 6, 2, 3, 4, 1, 5, 2, 1, 7, 0, 2, 0, 3, 2, 2, 1, 3, 0, 2, 3, 5, 4, 1])
([7, 4, 2, 1, 1, 3, 5, 3, 4, 1, 6, 0, 7, 1, 6, 2, 0, 3, 4, 5, 6, 7, 2, 4, 7, 5, 0], [3, 1, 1, 2, 2, 4, 4, 4, 1, 0, 1, 6, 2, 0, 2, 5, 3, 2, 6, 0, 2, 5, 2, 0, 1, 6, 3], [1, 3, 2, 7, 6, 2, 3, 4, 1, 5, 2, 1, 7, 0, 2, 0, 3, 2, 2, 1, 3, 0, 2, 3, 5, 4, 1])
([7, 4, 2, 1, 1, 3, 5, 3, 6, 4, 1, 0, 1, 7, 6, 2, 0, 3, 4, 5, 6, 7, 2, 4, 7, 5, 0], [3, 1, 4, 2, 2, 4, 4, 4, 1, 0, 1, 6, 2, 0, 2, 5, 3, 2, 6, 0, 2, 5, 2, 0, 1, 6, 3], [1, 3, 2, 7, 6, 2, 3, 4, 1, 5, 2, 1, 7, 0, 2, 0, 3, 2, 2, 1, 3, 0, 2, 3, 5, 4, 1])
运行时间16.797337293624878

2021-03-24 20:22:31
[[25, 17, 109, 1050]]
([2, 5, 6, 6, 4, 1, 7, 7, 3, 2, 0, 7, 1, 4, 1, 6, 2, 3, 4, 1, 0, 5, 7, 3, 5, 4, 0], [3, 6, 3, 2, 4, 4, 4, 4, 1, 0, 7, 5, 0, 1, 2, 2, 5, 2, 5, 1, 4, 5, 2, 2, 0, 6, 3], [2, 5, 1, 1, 6, 4, 4, 1, 5, 1, 3, 7, 2, 2, 3, 5, 6, 1, 4, 2, 3, 0, 5, 7, 7, 7, 2])
运行时间16.52223491668701

2021-03-24 20:23:29
[[30, 22, 115, 1053], [28, 22, 122, 1108], [27, 25, 116, 1074], [33, 25, 115, 1037], [34, 22, 114, 1037], [29, 20, 123, 1129], [30, 21, 118, 1056], [30, 22, 117, 1035], [30, 21, 116, 1074], [28, 22, 120, 1126], [33, 25, 117, 1019], [29, 20, 121, 1147], [27, 25, 118, 1056], [28, 27, 116, 1024], [29, 22, 115, 1074], [28, 27, 114, 1042], [26, 25, 121, 1126], [30, 29, 113, 1021], [36, 29, 115, 982], [36, 29, 113, 1000], [29, 21, 118, 1077], [29, 22, 117, 1056], [29, 21, 116, 1095], [32, 29, 114, 1016], [33, 27, 115, 987], [29, 27, 113, 1042], [34, 22, 116, 1019], [36, 27, 113, 1021], [32, 29, 116, 998]]
([0, 5, 6, 3, 0, 1, 3, 4, 5, 6, 2, 7, 6, 1, 3, 7, 4, 7, 2, 0, 7, 1, 4, 2, 1, 5, 4], [2, 1, 4, 2, 2, 3, 3, 4, 3, 0, 1, 5, 4, 0, 5, 2, 3, 2, 6, 5, 1, 5, 0, 0, 2, 6, 3], [3, 6, 5, 2, 3, 1, 3, 5, 6, 1, 4, 2, 2, 6, 1, 5, 1, 0, 4, 3, 4, 4, 7, 7, 0, 4, 5])
([5, 0, 6, 0, 3, 1, 3, 1, 5, 2, 4, 7, 3, 6, 7, 6, 2, 7, 4, 4, 7, 1, 0, 2, 1, 5, 4], [2, 1, 4, 2, 2, 3, 5, 4, 3, 0, 1, 5, 4, 0, 5, 2, 2, 4, 6, 5, 1, 5, 5, 0, 2, 6, 3], [3, 6, 5, 2, 3, 1, 3, 5, 6, 1, 4, 2, 2, 6, 1, 5, 1, 0, 4, 3, 4, 4, 7, 7, 0, 4, 5])
([0, 5, 0, 3, 6, 2, 4, 1, 3, 5, 6, 2, 7, 4, 6, 1, 4, 3, 0, 7, 7, 7, 2, 1, 1, 5, 4], [2, 1, 1, 2, 2, 3, 5, 4, 3, 0, 1, 5, 4, 0, 5, 5, 2, 2, 6, 5, 1, 5, 0, 0, 2, 6, 3], [3, 6, 5, 2, 3, 1, 3, 5, 6, 1, 4, 2, 2, 6, 1, 5, 1, 0, 4, 3, 4, 4, 7, 7, 0, 4, 5])
([5, 0, 0, 3, 6, 3, 1, 2, 6, 1, 5, 4, 7, 6, 7, 4, 3, 2, 7, 4, 7, 1, 0, 2, 1, 5, 4], [2, 1, 1, 2, 2, 3, 3, 4, 3, 0, 1, 5, 4, 0, 5, 5, 2, 2, 6, 5, 1, 5, 0, 0, 2, 6, 3], [3, 6, 5, 2, 3, 1, 3, 5, 6, 1, 4, 2, 2, 6, 1, 5, 1, 0, 4, 3, 4, 4, 7, 7, 0, 4, 5])
([0, 5, 3, 6, 0, 2, 4, 1, 3, 5, 6, 7, 2, 4, 6, 4, 1, 3, 7, 7, 7, 1, 0, 2, 1, 5, 4], [2, 1, 4, 2, 2, 3, 3, 4, 3, 0, 1, 5, 4, 0, 5, 2, 2, 2, 6, 5, 1, 5, 0, 0, 2, 6, 3], [3, 6, 5, 2, 3, 1, 3, 5, 6, 1, 4, 2, 2, 6, 1, 5, 1, 0, 4, 3, 4, 4, 7, 7, 0, 4, 5])
([0, 5, 0, 3, 6, 2, 4, 1, 3, 5, 6, 2, 4, 4, 7, 6, 1, 3, 0, 7, 7, 7, 2, 1, 1, 5, 4], [2, 1, 1, 2, 2, 3, 5, 4, 3, 0, 1, 5, 4, 0, 5, 2, 2, 4, 6, 5, 1, 5, 5, 0, 2, 6, 3], [3, 6, 5, 2, 3, 1, 3, 5, 6, 1, 4, 2, 2, 6, 1, 5, 1, 0, 4, 3, 4, 4, 7, 7, 0, 4, 5])
([5, 0, 6, 0, 3, 4, 1, 3, 5, 7, 2, 6, 4, 6, 4, 1, 3, 0, 7, 2, 7, 7, 1, 2, 1, 5, 4], [2, 1, 1, 2, 2, 3, 3, 4, 3, 0, 1, 5, 4, 0, 5, 2, 3, 2, 6, 5, 1, 5, 5, 0, 2, 6, 3], [3, 6, 5, 2, 3, 1, 3, 5, 6, 1, 4, 2, 2, 6, 1, 5, 1, 0, 4, 3, 4, 4, 7, 7, 0, 4, 5])
([5, 0, 6, 0, 3, 1, 3, 1, 5, 4, 2, 7, 3, 6, 7, 6, 4, 7, 4, 2, 7, 1, 0, 2, 1, 5, 4], [2, 1, 4, 2, 2, 3, 3, 4, 3, 0, 1, 5, 4, 0, 5, 2, 3, 2, 6, 5, 1, 5, 5, 0, 2, 6, 3], [3, 6, 5, 2, 3, 1, 3, 5, 6, 1, 4, 2, 2, 6, 1, 5, 1, 0, 4, 3, 4, 4, 7, 7, 0, 4, 5])
([0, 5, 0, 3, 6, 4, 3, 1, 5, 4, 2, 7, 6, 3, 6, 7, 4, 7, 1, 2, 7, 0, 1, 2, 1, 5, 4], [2, 1, 1, 2, 2, 3, 3, 4, 3, 0, 1, 5, 4, 0, 5, 2, 3, 2, 6, 5, 1, 5, 0, 0, 2, 6, 3], [3, 6, 5, 2, 3, 1, 3, 5, 6, 1, 4, 2, 2, 6, 1, 5, 1, 0, 4, 3, 4, 4, 7, 7, 0, 4, 5])
([0, 5, 6, 0, 3, 1, 2, 1, 4, 3, 5, 7, 2, 6, 4, 6, 4, 3, 0, 7, 7, 1, 7, 2, 1, 5, 4], [2, 1, 4, 2, 2, 3, 5, 4, 3, 0, 1, 5, 4, 0, 5, 2, 2, 4, 6, 5, 1, 5, 0, 0, 2, 6, 3], [3, 6, 5, 2, 3, 1, 3, 5, 6, 1, 4, 2, 2, 6, 1, 5, 1, 0, 4, 3, 4, 4, 7, 7, 0, 4, 5])
([0, 5, 0, 3, 6, 1, 3, 1, 4, 2, 6, 5, 7, 6, 3, 4, 4, 2, 1, 7, 7, 7, 0, 2, 1, 5, 4], [2, 1, 1, 2, 2, 3, 3, 4, 3, 0, 1, 5, 4, 0, 5, 5, 2, 2, 6, 5, 1, 5, 5, 0, 2, 6, 3], [3, 6, 5, 2, 3, 1, 3, 5, 6, 1, 4, 2, 2, 6, 1, 5, 1, 0, 4, 3, 4, 4, 7, 7, 0, 4, 5])
([0, 5, 0, 6, 3, 2, 4, 1, 3, 5, 6, 2, 4, 4, 7, 1, 6, 7, 1, 7, 3, 7, 2, 0, 1, 5, 4], [2, 1, 1, 2, 2, 3, 5, 4, 3, 0, 1, 5, 4, 0, 5, 2, 2, 4, 6, 5, 1, 5, 0, 0, 2, 6, 3], [3, 6, 5, 2, 3, 1, 3, 5, 6, 1, 4, 2, 2, 6, 1, 5, 1, 0, 4, 3, 4, 4, 7, 7, 0, 4, 5])
([5, 0, 0, 3, 6, 4, 1, 3, 5, 7, 6, 2, 3, 6, 4, 1, 7, 2, 7, 7, 4, 1, 0, 2, 1, 5, 4], [2, 1, 1, 2, 2, 3, 5, 4, 3, 0, 1, 5, 4, 0, 5, 5, 2, 2, 6, 5, 1, 5, 5, 0, 2, 6, 3], [3, 6, 5, 2, 3, 1, 3, 5, 6, 1, 4, 2, 2, 6, 1, 5, 1, 0, 4, 3, 4, 4, 7, 7, 0, 4, 5])
([5, 0, 0, 3, 6, 3, 1, 2, 6, 1, 5, 4, 7, 6, 7, 4, 3, 2, 7, 4, 7, 1, 0, 2, 1, 5, 4], [2, 1, 1, 2, 2, 3, 5, 4, 1, 0, 1, 5, 4, 0, 5, 5, 2, 2, 6, 5, 1, 5, 5, 0, 2, 6, 3], [3, 6, 5, 2, 3, 1, 3, 5, 6, 1, 4, 2, 2, 6, 1, 5, 1, 0, 4, 3, 4, 4, 7, 7, 0, 4, 5])
([0, 5, 3, 6, 0, 2, 4, 1, 3, 5, 6, 7, 2, 4, 6, 4, 1, 3, 7, 7, 7, 1, 0, 2, 1, 5, 4], [2, 1, 4, 2, 2, 3, 5, 4, 3, 0, 1, 5, 4, 0, 5, 2, 2, 2, 6, 5, 1, 5, 0, 0, 2, 6, 3], [3, 6, 5, 2, 3, 1, 3, 5, 6, 1, 4, 2, 2, 6, 1, 5, 1, 0, 4, 3, 4, 4, 7, 7, 0, 4, 5])
([5, 0, 0, 6, 3, 1, 3, 1, 5, 4, 2, 7, 7, 6, 3, 4, 7, 6, 4, 2, 7, 1, 0, 2, 1, 5, 4], [2, 1, 1, 2, 2, 3, 5, 4, 1, 0, 1, 5, 4, 0, 5, 5, 2, 2, 6, 5, 1, 5, 0, 0, 2, 6, 3], [3, 6, 5, 2, 3, 1, 3, 5, 6, 1, 4, 2, 2, 6, 1, 5, 1, 0, 4, 3, 4, 4, 7, 7, 0, 4, 5])
([0, 5, 0, 3, 6, 1, 3, 1, 4, 2, 5, 4, 6, 3, 6, 7, 7, 2, 1, 4, 7, 7, 0, 2, 1, 5, 4], [2, 1, 1, 2, 2, 3, 5, 4, 3, 0, 1, 5, 4, 0, 5, 5, 2, 4, 6, 5, 1, 5, 0, 0, 2, 6, 3], [3, 6, 5, 2, 3, 1, 3, 5, 6, 1, 4, 2, 2, 6, 1, 5, 1, 0, 4, 3, 4, 4, 7, 7, 0, 4, 5])
([0, 5, 0, 3, 6, 2, 4, 1, 3, 5, 6, 7, 7, 2, 4, 6, 7, 4, 1, 3, 7, 0, 1, 2, 1, 5, 4], [2, 1, 4, 2, 2, 3, 5, 4, 1, 0, 1, 5, 4, 0, 5, 5, 2, 2, 6, 5, 1, 5, 0, 0, 2, 6, 3], [3, 6, 5, 2, 3, 1, 3, 5, 6, 1, 4, 2, 2, 6, 1, 5, 1, 0, 4, 3, 4, 4, 7, 7, 0, 4, 5])
([5, 0, 6, 0, 3, 1, 2, 1, 5, 4, 3, 7, 2, 6, 7, 6, 4, 7, 4, 3, 7, 1, 2, 0, 1, 5, 4], [2, 1, 4, 2, 2, 3, 3, 4, 1, 0, 1, 5, 4, 0, 5, 5, 3, 2, 6, 5, 1, 5, 5, 0, 2, 6, 3], [3, 6, 5, 2, 3, 1, 3, 5, 6, 1, 4, 2, 2, 6, 1, 5, 1, 0, 4, 3, 4, 4, 7, 7, 0, 4, 5])
([0, 5, 0, 3, 6, 2, 1, 3, 1, 4, 5, 7, 2, 6, 3, 6, 4, 2, 4, 7, 7, 7, 1, 0, 1, 5, 4], [2, 1, 4, 2, 2, 3, 3, 4, 1, 0, 1, 5, 4, 0, 5, 5, 3, 2, 6, 5, 1, 5, 0, 0, 2, 6, 3], [3, 6, 5, 2, 3, 1, 3, 5, 6, 1, 4, 2, 2, 6, 1, 5, 1, 0, 4, 3, 4, 4, 7, 7, 0, 4, 5])
([5, 0, 0, 3, 6, 2, 4, 1, 3, 5, 6, 2, 4, 7, 6, 7, 4, 1, 7, 3, 7, 0, 1, 2, 1, 5, 4], [2, 1, 1, 2, 2, 3, 5, 4, 3, 0, 1, 5, 4, 0, 5, 2, 2, 2, 6, 5, 1, 5, 5, 0, 2, 6, 3], [3, 6, 5, 2, 3, 1, 3, 5, 6, 1, 4, 2, 2, 6, 1, 5, 1, 0, 4, 3, 4, 4, 7, 7, 0, 4, 5])
([0, 5, 6, 3, 0, 4, 1, 3, 1, 5, 7, 2, 6, 4, 6, 7, 3, 4, 0, 2, 7, 7, 1, 2, 1, 5, 4], [2, 1, 4, 2, 2, 3, 5, 4, 3, 0, 1, 5, 4, 0, 5, 2, 2, 2, 6, 5, 1, 5, 5, 0, 2, 6, 3], [3, 6, 5, 2, 3, 1, 3, 5, 6, 1, 4, 2, 2, 6, 1, 5, 1, 0, 4, 3, 4, 4, 7, 7, 0, 4, 5])
([0, 5, 0, 3, 6, 2, 4, 1, 3, 5, 6, 2, 7, 4, 6, 4, 1, 3, 0, 7, 7, 1, 7, 2, 1, 5, 4], [2, 1, 1, 2, 2, 3, 5, 4, 3, 0, 1, 5, 4, 0, 5, 2, 2, 2, 6, 5, 1, 5, 0, 0, 2, 6, 3], [3, 6, 5, 2, 3, 1, 3, 5, 6, 1, 4, 2, 2, 6, 1, 5, 1, 0, 4, 3, 4, 4, 7, 7, 0, 4, 5])
([0, 5, 0, 3, 6, 1, 3, 1, 4, 2, 5, 7, 6, 3, 6, 4, 4, 2, 1, 7, 7, 7, 0, 2, 1, 5, 4], [2, 1, 4, 2, 2, 3, 3, 4, 3, 0, 1, 5, 4, 0, 5, 5, 2, 2, 6, 5, 1, 5, 0, 0, 2, 6, 3], [3, 6, 5, 2, 3, 1, 3, 5, 6, 1, 4, 2, 2, 6, 1, 5, 1, 0, 4, 3, 4, 4, 7, 7, 0, 4, 5])
([5, 0, 0, 3, 6, 3, 1, 2, 6, 1, 5, 4, 7, 6, 7, 4, 3, 2, 7, 4, 7, 1, 0, 2, 1, 5, 4], [2, 1, 1, 2, 2, 3, 3, 4, 1, 0, 1, 5, 4, 0, 5, 5, 2, 2, 6, 5, 1, 5, 5, 0, 2, 6, 3], [3, 6, 5, 2, 3, 1, 3, 5, 6, 1, 4, 2, 2, 6, 1, 5, 1, 0, 4, 3, 4, 4, 7, 7, 0, 4, 5])
([5, 0, 0, 6, 3, 1, 3, 1, 5, 2, 4, 7, 7, 6, 3, 2, 7, 6, 4, 4, 7, 1, 0, 2, 1, 5, 4], [2, 1, 4, 2, 2, 3, 5, 4, 1, 0, 1, 5, 4, 0, 5, 2, 2, 2, 6, 5, 1, 5, 0, 0, 2, 6, 3], [3, 6, 5, 2, 3, 1, 3, 5, 6, 1, 4, 2, 2, 6, 1, 5, 1, 0, 4, 3, 4, 4, 7, 7, 0, 4, 5])
([0, 5, 0, 3, 6, 2, 4, 1, 3, 5, 6, 2, 4, 4, 7, 6, 1, 3, 0, 7, 7, 7, 2, 1, 1, 5, 4], [2, 1, 4, 2, 2, 3, 3, 4, 3, 0, 1, 5, 4, 0, 5, 2, 2, 2, 6, 5, 1, 5, 5, 0, 2, 6, 3], [3, 6, 5, 2, 3, 1, 3, 5, 6, 1, 4, 2, 2, 6, 1, 5, 1, 0, 4, 3, 4, 4, 7, 7, 0, 4, 5])
([0, 5, 0, 3, 6, 1, 2, 1, 5, 3, 4, 7, 2, 6, 2, 3, 6, 7, 4, 7, 7, 1, 4, 0, 1, 5, 4], [2, 1, 4, 2, 2, 3, 3, 4, 1, 0, 1, 5, 4, 0, 5, 2, 3, 2, 6, 5, 1, 5, 0, 0, 2, 6, 3], [3, 6, 5, 2, 3, 1, 3, 5, 6, 1, 4, 2, 2, 6, 1, 5, 1, 0, 4, 3, 4, 4, 7, 7, 0, 4, 5])
([0, 5, 0, 3, 6, 2, 4, 1, 3, 5, 6, 7, 2, 4, 6, 4, 1, 3, 7, 7, 7, 0, 1, 2, 1, 5, 4], [2, 1, 4, 2, 2, 3, 3, 4, 3, 0, 1, 5, 4, 0, 5, 5, 2, 2, 6, 5, 1, 5, 5, 0, 2, 6, 3], [3, 6, 5, 2, 3, 1, 3, 5, 6, 1, 4, 2, 2, 6, 1, 5, 1, 0, 4, 3, 4, 4, 7, 7, 0, 4, 5])
运行时间16.380473136901855

2021-03-24 20:26:48
[[26, 18, 104, 1009], [26, 17, 105, 1006], [28, 22, 100, 962], [33, 26, 103, 934], [31, 20, 106, 988], [32, 26, 102, 937], [31, 26, 101, 944], [29, 21, 101, 959], [31, 20, 105, 991], [33, 21, 102, 952], [26, 17, 104, 1013], [32, 21, 101, 955], [31, 26, 102, 941], [26, 22, 103, 1016]]
([7, 6, 3, 1, 7, 4, 0, 3, 4, 6, 7, 2, 2, 5, 1, 6, 4, 1, 5, 5, 0, 7, 0, 4, 2, 1, 3], [3, 3, 5, 2, 2, 1, 5, 4, 2, 0, 1, 5, 0, 0, 3, 4, 5, 2, 1, 5, 1, 5, 2, 4, 1, 6, 3], [7, 7, 7, 0, 7, 0, 1, 0, 0, 1, 4, 3, 3, 5, 0, 4, 7, 2, 3, 4, 5, 6, 4, 6, 7, 0, 6])
([7, 6, 3, 1, 7, 4, 0, 3, 4, 6, 7, 2, 5, 2, 1, 6, 1, 4, 5, 5, 0, 7, 1, 0, 2, 4, 3], [3, 3, 5, 2, 2, 1, 1, 4, 2, 0, 1, 5, 0, 0, 3, 4, 5, 2, 1, 5, 1, 5, 2, 4, 1, 6, 3], [7, 7, 7, 0, 7, 0, 1, 0, 0, 1, 4, 3, 3, 5, 0, 4, 7, 2, 3, 4, 5, 6, 4, 6, 7, 0, 6])
([7, 6, 3, 1, 7, 4, 0, 3, 4, 6, 7, 2, 2, 5, 1, 6, 4, 1, 5, 5, 0, 7, 0, 2, 4, 1, 3], [3, 3, 5, 2, 2, 3, 5, 4, 2, 0, 1, 5, 0, 0, 5, 4, 5, 2, 1, 5, 1, 5, 2, 4, 1, 6, 3], [7, 7, 7, 0, 7, 0, 1, 0, 0, 1, 4, 3, 3, 5, 0, 4, 7, 2, 3, 4, 5, 6, 4, 6, 7, 0, 6])
([7, 6, 3, 1, 7, 4, 0, 3, 4, 6, 7, 2, 5, 2, 1, 6, 1, 4, 5, 5, 0, 7, 1, 0, 2, 4, 3], [3, 3, 5, 2, 2, 1, 1, 4, 2, 0, 1, 5, 6, 0, 5, 4, 5, 2, 1, 5, 1, 5, 2, 4, 1, 6, 3], [7, 7, 7, 0, 7, 0, 1, 0, 0, 1, 4, 3, 3, 5, 0, 4, 7, 2, 3, 4, 5, 6, 4, 6, 7, 0, 6])
([7, 6, 3, 1, 7, 4, 0, 3, 4, 6, 7, 2, 2, 5, 1, 6, 1, 4, 5, 5, 0, 7, 1, 0, 2, 4, 3], [3, 3, 5, 2, 2, 1, 1, 4, 2, 0, 1, 5, 6, 0, 3, 4, 5, 2, 1, 5, 1, 5, 2, 4, 1, 6, 3], [7, 7, 7, 0, 7, 0, 1, 0, 0, 1, 4, 3, 3, 5, 0, 4, 7, 2, 3, 4, 5, 6, 4, 6, 7, 0, 6])
([7, 6, 3, 1, 7, 4, 0, 3, 4, 6, 7, 2, 5, 2, 1, 6, 1, 4, 5, 5, 0, 7, 1, 0, 2, 4, 3], [3, 3, 5, 2, 2, 1, 5, 4, 2, 0, 1, 5, 6, 0, 5, 4, 5, 2, 1, 5, 1, 5, 2, 4, 1, 6, 3], [7, 7, 7, 0, 7, 0, 1, 0, 0, 1, 4, 3, 3, 5, 0, 4, 7, 2, 3, 4, 5, 6, 4, 6, 7, 0, 6])
([7, 6, 3, 1, 7, 4, 0, 3, 4, 6, 2, 7, 2, 5, 1, 6, 4, 1, 5, 5, 0, 7, 0, 4, 2, 1, 3], [3, 3, 5, 2, 2, 3, 5, 4, 2, 0, 1, 5, 6, 0, 5, 4, 5, 2, 1, 5, 1, 5, 2, 4, 1, 6, 3], [7, 7, 7, 0, 7, 0, 1, 0, 0, 1, 4, 3, 3, 5, 0, 4, 7, 2, 3, 4, 5, 6, 4, 6, 7, 0, 6])
([7, 6, 3, 1, 7, 4, 0, 3, 4, 6, 7, 2, 5, 2, 1, 6, 1, 4, 5, 5, 0, 7, 0, 1, 2, 4, 3], [3, 3, 5, 2, 2, 3, 1, 4, 2, 0, 1, 5, 0, 0, 5, 4, 5, 2, 1, 5, 1, 5, 2, 4, 1, 6, 3], [7, 7, 7, 0, 7, 0, 1, 0, 0, 1, 4, 3, 3, 5, 0, 4, 7, 2, 3, 4, 5, 6, 4, 6, 7, 0, 6])
([7, 6, 3, 1, 7, 4, 0, 3, 4, 6, 2, 7, 2, 5, 1, 6, 4, 1, 5, 5, 0, 7, 0, 4, 2, 1, 3], [3, 3, 5, 2, 2, 1, 5, 4, 2, 0, 1, 5, 6, 0, 3, 4, 5, 2, 1, 5, 1, 5, 2, 4, 1, 6, 3], [7, 7, 7, 0, 7, 0, 1, 0, 0, 1, 4, 3, 3, 5, 0, 4, 7, 2, 3, 4, 5, 6, 4, 6, 7, 0, 6])
([7, 6, 3, 1, 7, 4, 0, 3, 4, 6, 7, 2, 5, 2, 1, 6, 1, 4, 5, 5, 0, 7, 1, 0, 2, 4, 3], [3, 3, 5, 2, 2, 1, 1, 4, 2, 0, 1, 5, 0, 0, 5, 4, 5, 2, 1, 5, 1, 5, 2, 4, 1, 6, 3], [7, 7, 7, 0, 7, 0, 1, 0, 0, 1, 4, 3, 3, 5, 0, 4, 7, 2, 3, 4, 5, 6, 4, 6, 7, 0, 6])
([7, 6, 3, 1, 7, 4, 0, 3, 4, 6, 7, 2, 5, 2, 1, 6, 1, 4, 5, 5, 0, 7, 0, 1, 2, 4, 3], [3, 3, 5, 2, 2, 3, 1, 4, 2, 0, 1, 5, 0, 0, 3, 4, 5, 2, 1, 5, 1, 5, 2, 4, 1, 6, 3], [7, 7, 7, 0, 7, 0, 1, 0, 0, 1, 4, 3, 3, 5, 0, 4, 7, 2, 3, 4, 5, 6, 4, 6, 7, 0, 6])
([7, 6, 3, 1, 7, 4, 0, 3, 4, 6, 7, 2, 5, 2, 1, 6, 4, 1, 5, 5, 0, 7, 0, 1, 2, 4, 3], [3, 3, 5, 2, 2, 1, 5, 4, 2, 0, 1, 5, 0, 0, 5, 4, 5, 2, 1, 5, 1, 5, 2, 4, 1, 6, 3], [7, 7, 7, 0, 7, 0, 1, 0, 0, 1, 4, 3, 3, 5, 0, 4, 7, 2, 3, 4, 5, 6, 4, 6, 7, 0, 6])
([7, 6, 3, 1, 7, 4, 0, 3, 4, 6, 7, 2, 2, 5, 1, 6, 4, 1, 5, 5, 0, 7, 0, 2, 4, 1, 3], [3, 3, 5, 2, 2, 3, 1, 4, 2, 0, 1, 5, 6, 0, 5, 4, 5, 2, 1, 5, 1, 5, 2, 4, 1, 6, 3], [7, 7, 7, 0, 7, 0, 1, 0, 0, 1, 4, 3, 3, 5, 0, 4, 7, 2, 3, 4, 5, 6, 4, 6, 7, 0, 6])
([7, 6, 3, 1, 7, 4, 0, 3, 4, 6, 2, 7, 2, 5, 1, 6, 4, 1, 5, 5, 0, 7, 0, 2, 4, 1, 3], [3, 3, 5, 2, 2, 3, 5, 4, 2, 0, 1, 5, 0, 0, 3, 4, 5, 2, 1, 5, 1, 5, 2, 4, 1, 6, 3], [7, 7, 7, 0, 7, 0, 1, 0, 0, 1, 4, 3, 3, 5, 0, 4, 7, 2, 3, 4, 5, 6, 4, 6, 7, 0, 6])
运行时间17.31729817390442

2021-03-24 20:30:15
[[23, 19, 101, 937], [25, 21, 99, 909]]
([4, 6, 7, 3, 5, 0, 0, 2, 1, 7, 3, 6, 5, 5, 7, 7, 0, 4, 1, 1, 1, 3, 2, 4, 6, 2, 4], [1, 3, 4, 2, 2, 3, 4, 4, 2, 0, 1, 2, 0, 0, 2, 4, 2, 2, 5, 1, 1, 5, 5, 2, 1, 6, 1], [2, 0, 3, 6, 5, 2, 5, 7, 1, 5, 1, 5, 0, 6, 7, 7, 1, 4, 5, 2, 7, 3, 5, 1, 0, 6, 1])
([4, 6, 7, 3, 5, 0, 0, 2, 1, 7, 3, 6, 5, 5, 7, 7, 0, 4, 1, 1, 1, 3, 2, 4, 6, 2, 4], [1, 3, 4, 2, 2, 3, 4, 4, 2, 0, 1, 2, 0, 0, 2, 4, 2, 2, 5, 1, 2, 5, 5, 2, 1, 6, 1], [2, 0, 3, 6, 5, 2, 5, 7, 1, 5, 1, 5, 0, 6, 7, 7, 1, 4, 5, 2, 7, 3, 5, 1, 0, 6, 1])
运行时间16.971848249435425

