Y0    0.0603    3.1055   0   0   0
Y2   -0.1420    3.0548   0   0   0
Y4   -0.5817    3.7657   0   0   0
Y5   -0.8728    3.6775   0   0   0
Y9    1.1366    1.7439   0   0   0
Y13   -1.1117    4.7028   0   0   0
Y14   -1.0243    3.9914   0   0   0
Y15    0.5344    2.4437   0   0   0
Y17   -1.1925    4.5461   0   0   0
Y18   -1.1257    4.1791   0   0   0
Y28   -0.6004    3.6919   0   0   0
Y29   -0.7497    3.9081   0   0   0
Y34   -1.0462    4.3379   0   0   0
Y36   -0.7887    3.8666   0   0   0
Y38   -0.8810    4.1495   0   0   0
Y40   -1.1387    4.1716   0   0   0
Y42   -1.2503    4.5117   0   0   0
Y43   -1.2244    4.2248   0   0   0
Y44   -1.1734    3.9434   0   0   0
Y45   -1.0554    3.7904   0   0   0
Y46   -1.1927    4.2566   0   0   0
Y48   -0.5275    2.8158   0   0   0
Y49   -0.5434    3.1442   0   0   0
Y56   -0.6607    2.4311   0   0   0
Y58    0.0027    1.9536   0   0   0
Y59    0.3580    1.8939   0   0   0
Y62   -0.4959    2.5473   0   0   0
Y63   -0.8640    2.9240   0   0   0
Y64   -1.2947    4.6204   0   0   0
Y65   -1.3124    4.6255   0   0   0
Y66   -1.2199    4.1995   0   0   0
Y67   -1.3007    4.3764   0   0   0
Y68   -1.4238    4.6961   0   0   0
Y69   -1.3564    4.7535   0   0   0
Y74   -0.7694    2.6909   0   0   0
Y76   -0.5793    2.3273   0   0   0
Y78   -1.3420    2.7953   0   0   0
Y79   -1.0657    2.3234   0   0   0
Y80   -0.7378    2.7675   0   0   0
Y84   -0.7938    1.9332   0   0   0
Y111   -1.2285    4.1685   0   0   0
Y114   -1.2132    4.3032   0   0   0
Y115   -0.9829    4.2426   0   0   0
Y116   -1.2849    4.5692   0   0   0
Y118   -1.3635    5.2332   0   0   0
Y120   -1.0892    5.1747   0   0   0
Y121   -1.0631    4.8801   0   0   0
Y122   -0.3006    3.2134   0   0   0
Y123   -0.6267    3.9711   0   0   0
Y125   -0.6521    4.3988   0   0   0
Y132    0.8942    2.7691   0   0   0
Y135   -0.9995    4.3588   0   0   0
Y136   -0.8895    3.7514   0   0   0
Y137   -0.7705    3.9464   0   0   0
Y138   -0.7099    4.0267   0   0   0
Y139   -0.6774    3.9330   0   0   0
Y140   -0.7729    3.5788   0   0   0
Y141   -0.8578    3.6751   0   0   0
Y142   -0.8993    4.4560   0   0   0
Y144   -0.6585    3.7332   0   0   0
Y145   -0.5414    3.3061   0   0   0
Y146   -0.4417    3.5969   0   0   0
Y147   -0.3533    3.4636   0   0   0
Y148   -0.4545    3.5481   0   0   0
Y153   -0.2755    3.4071   0   0   0
Y155   -0.2209    3.2266   0   0   0
Y157    0.3174    3.0224   0   0   0
Y158    0.6196    2.7374   0   0   0
Y159    0.4209    2.5995   0   0   0
Y160    0.7253    2.3694   0   0   0
Y161    0.7762    2.2828   0   0   0
Y162   -0.2167    3.5240   0   0   0
Y163   -0.3054    3.2986   0   0   0
Y165    0.7219    2.2307   0   0   0
Y166    0.5154    2.4229   0   0   0
Y167    0.4824    2.6053   0   0   0
Y168    0.3346    2.9465   0   0   0
Y169    0.2338    3.0627   0   0   0
Y170    0.3738    2.9281   0   0   0
Y171   -0.1991    3.4700   0   0   0
Y172   -0.0798    3.0769   0   0   0
Y173   -0.0946    3.0049   0   0   0
Y174   -1.2627    4.3228   0   0   0
Y175   -1.0422    4.0320   0   0   0
Y177   -0.8564    4.2649   0   0   0
Y180   -0.7626    4.5502   0   0   0
Y186   -0.7001    3.2669   0   0   0
Y187   -1.0901    4.0243   0   0   0
Y188   -0.3362    3.4108   0   0   0
Y190   -0.3893    3.5016   0   0   0
Y191   -0.2166    3.0484   0   0   0
Y192   -0.1419    3.0147   0   0   0
Y194   -0.9016    3.6906   0   0   0
Y195   -0.7887    3.9749   0   0   0
Y197   -1.3041    4.2813   0   0   0
Y199   -0.3635    3.0915   0   0   0
Y200   -0.5783    3.2519   0   0   0
Y201   -1.1204    2.7676   0   0   0
Y205   -1.2036    3.5930   0   0   0
Y206   -1.3762    3.8304   0   0   0
Y209   -1.3182    5.1282   0   0   0
Y210   -0.6886    3.9464   0   0   0
Y211   -1.2033    4.4382   0   0   0
Y214   -1.2249    5.2780   0   0   0
Y215   -0.8989    3.1032   0   0   0
Y216   -1.3400    5.1141   0   0   0
Y218   -1.3700    5.1388   0   0   0
Y220   -0.5665    2.1846   0   0   0
Y221   -0.8959    2.6666   0   0   0
Y223   -1.1799    4.4469   0   0   0
Y224   -1.0151    4.8821   0   0   0
Y225   -0.7320    4.4315   0   0   0
Y226   -0.1514    3.6767   0   0   0
Y227   -0.3374    2.8961   0   0   0
Y228   -0.0308    2.3514   0   0   0
Y229   -1.1798    2.5439   0   0   0
Y230   -1.3079    2.9483   0   0   0
Y232   -0.5785    2.6076   0   0   0
Y234   -0.3576    3.2794   0   0   0
Y235   -0.4586    3.8673   0   0   0
Y236   -0.5885    4.7290   0   0   0
Y239   -0.5304    3.4644   0   0   0
Y240   -0.4064    2.5220   0   0   0
Y242    0.0493    3.1433   0   0   0
Y243   -0.4642    3.8045   0   0   0
Y245    0.0197    3.1023   0   0   0
Y246   -0.5001    4.0223   0   0   0
Y248    0.0409    3.4577   0   0   0
Y249   -0.1650    3.1868   0   0   0
Y250    0.1393    3.4623   0   0   0
Y251    0.1319    3.7228   0   0   0
Y252   -1.1065    4.5107   0   0   0
Y253   -1.1599    4.5422   0   0   0
Y254   -1.2859    5.2501   0   0   0
Y256    0.1471    2.7097   0   0   0
Y257   -0.9691    4.2530   0   0   0
Y258   -0.6147    3.9844   0   0   0
Y259   -1.2444    5.1679   0   0   0
Y260   -0.9072    4.5852   0   0   0
Y263   -1.3473    3.2551   0   0   0
Y264   -1.2552    4.3308   0   0   0
Y265   -1.1772    4.6244   0   0   0
Y266   -1.2048    4.5645   0   0   0
Y267   -1.2939    4.5972   0   0   0
Y268   -1.3450    4.8388   0   0   0
Y270   -0.4243    3.9750   0   0   0
Y271   -0.5143    3.5545   0   0   0
Y272   -0.6181    3.7489   0   0   0
Y273   -0.4431    3.7687   0   0   0
Y274   -0.3835    3.8458   0   0   0
Y275   -0.4639    3.4718   0   0   0
Y277   -1.2994    3.7366   0   0   0
Y278    0.9559    1.9476   0   0   0
Y279    0.8665    2.2756   0   0   0
Y281    0.9646    2.1314   0   0   0
Y282    0.8692    2.3856   0   0   0
Y284   -0.8363    3.8144   0   0   0
Y285   -0.0614    2.5440   0   0   0
Y289    0.7744    2.1759   0   0   0
Y290    0.5333    2.3676   0   0   0
Y291    1.0692    2.1086   0   0   0
Y292    0.8249    2.6713   0   0   0
Y293   -0.3486    3.2986   0   0   0
Y294    0.1520    3.0425   0   0   0
Y295   -0.0242    3.0964   0   0   0
Y296   -0.1620    3.6922   0   0   0
Y297   -0.6363    3.6345   0   0   0
Y302   -0.6699    2.7860   0   0   0
Y303   -0.7343    2.5593   0   0   0
Y304   -0.7070    3.1033   0   0   0
Y305   -0.6375    2.9786   0   0   0
Y306   -0.4890    2.7342   0   0   0
Y307   -0.6670    2.5407   0   0   0
Y308   -1.3470    2.9752   0   0   0
Y312   -0.8865    2.3765   0   0   0
Y313   -1.2625    2.8301   0   0   0
Y314   -1.3253    2.8700   0   0   0
Y316   -0.6754    3.4001   0   0   0
Y322   -1.0572    3.9128   0   0   0
Y323   -1.3485    4.2580   0   0   0
Y328   -0.4746    3.8258   0   0   0
Y332   -0.8046    4.5280   0   0   0
Y336   -0.8382    2.8158   0   0   0
Y337   -0.9275    3.3253   0   0   0
Y338   -0.8755    2.6854   0   0   0
Y339   -0.9589    3.3209   0   0   0
Y340   -1.0429    3.5581   0   0   0
Y342    0.0371    3.9335   0   0   0
Y344   -0.1940    3.7036   0   0   0
Y346    0.2826    3.0081   0   0   0
Y348    0.6841    2.2731   0   0   0
Y349   -0.7664    2.8178   0   0   0
Y350   -1.0781    3.0367   0   0   0
Y351   -1.3760    3.5095   0   0   0
Y353   -0.2828    2.1178   0   0   0
Y354   -0.6235    3.2377   0   0   0
Y355   -1.1329    2.9557   0   0   0
Y357   -1.1719    3.1384   0   0   0
Y358   -1.2763    3.3717   0   0   0
Y359   -1.3941    3.6789   0   0   0
Y361   -1.0103    3.0565   0   0   0
Y362   -1.1083    3.2287   0   0   0
Y363   -1.2212    2.9977   0   0   0
Y364   -1.1462    5.0344   0   0   0
Y365   -1.2943    5.3964   0   0   0
Y367   -1.1911    5.0143   0   0   0
Y368   -1.3449    5.7647   0   0   0
Y371   -1.3626    4.6694   0   0   0
Y372   -1.1516    3.4235   0   0   0
Y374   -1.2867    4.6257   0   0   0
Y375   -1.1675    3.4907   0   0   0
Y376   -1.0013    3.0060   0   0   0
Y377   -1.1991    3.0035   0   0   0
Y378   -1.3462    3.3438   0   0   0
Y380   -1.0817    3.3037   0   0   0
Y381   -1.2030    4.2656   0   0   0
Y384   -1.3250    5.1583   0   0   0
Y385   -1.0925    4.6901   0   0   0
Y387   -1.2432    5.2594   0   0   0
Y388   -1.0692    4.4393   0   0   0
Y389    0.3271    2.3780   0   0   0
Y390   -1.3339    5.0466   0   0   0
Y392   -0.8619    3.6654   0   0   0
Y393   -1.3111    5.0612   0   0   0
Y395   -1.2357    4.0767   0   0   0
Y396   -0.5025    3.4237   0   0   0
Y397    0.4328    2.5174   0   0   0
Y403   -0.7626    3.6854   0   0   0
Y404   -0.8555    3.8869   0   0   0
Y405   -1.0248    3.6818   0   0   0
Y406   -1.0509    3.6509   0   0   0
Y407   -1.1648    4.4096   0   0   0
Y408   -1.0902    3.4673   0   0   0
Y409   -1.1133    4.1583   0   0   0
Y410   -1.1994    3.8014   0   0   0
Y411   -1.1513    3.8743   0   0   0
Y412   -1.2761    4.5033   0   0   0
Y414   -0.5532    3.4784   0   0   0
Y426    0.4775    1.8706   0   0   0
Y427   -0.1889    2.8522   0   0   0
Y428   -1.0906    4.2243   0   0   0
Y429   -1.1822    5.2298   0   0   0
Y430   -1.3800    5.5487   0   0   0
Y431   -1.1890    4.2179   0   0   0
Y432   -0.1241    1.6838   0   0   0
Y434   -1.3430    3.3639   0   0   0
Y435   -1.2980    3.5533   0   0   0
Y455   -1.1344    4.1111   0   0   0
Y456   -0.9164    4.0409   0   0   0
Y457    0.9969    3.1600   0   0   0
Y458    0.8655    2.7406   0   0   0
Y459   -0.2431    3.3206   0   0   0
Y467    0.8297    2.5082   0   0   0
Y468    0.5243    2.7826   0   0   0
Y469    0.1129    3.0429   0   0   0
Y470    0.0977    2.8873   0   0   0
Y471   -0.9439    3.8765   0   0   0
Y474   -1.2893    4.9379   0   0   0
Y475   -1.3514    4.9370   0   0   0
Y476   -0.8581    4.3154   0   0   0
Y480   -0.7886    4.2539   0   0   0
Y481   -0.6339    3.8253   0   0   0
Y482   -0.7886    4.1000   0   0   0
Y483   -0.6334    3.8056   0   0   0
Y484   -0.4295    3.8636   0   0   0
Y485   -0.3356    3.7706   0   0   0
Y486   -0.8575    4.8673   0   0   0
Y488   -0.7168    3.3957   0   0   0
Y489   -0.4210    3.1863   0   0   0
Y490    0.1414    2.9029   0   0   0
Y494   -1.2312    5.0098   0   0   0
Y497   -0.4757    2.0598   0   0   0
Y498   -0.5068    2.3529   0   0   0
Y499   -0.5599    2.2986   0   0   0
Y500   -1.0054    2.4002   0   0   0
Y501   -0.3891    2.4874   0   0   0
Y502   -0.8148    3.9244   0   0   0
Y503   -1.2200    4.5289   0   0   0
Y504   -1.3050    5.1055   0   0   0
Y506   -0.5535    3.5655   0   0   0
Y507   -0.7894    3.7715   0   0   0
Y508   -0.9855    4.0797   0   0   0
Y509   -1.0680    4.3096   0   0   0
Y510   -1.0287    4.3397   0   0   0
Y511   -0.9019    4.1291   0   0   0
Y512   -0.5827    3.6308   0   0   0
Y513   -0.5836    3.6557   0   0   0
Y516   -1.3550    5.3629   0   0   0
Y517   -0.9459    4.2685   0   0   0
Y519   -1.3550    5.4390   0   0   0
Y520   -1.2247    3.2135   0   0   0
Y521   -0.7698    2.9762   0   0   0
Y522   -0.5316    3.7106   0   0   0
Y523   -1.0614    3.2101   0   0   0
Y524    0.0187    2.0511   0   0   0
Y525    0.1850    2.0353   0   0   0
Y526   -0.3246    2.1949   0   0   0
Y527   -0.7665    2.7852   0   0   0
Y528   -0.4614    2.5276   0   0   0
Y529   -0.3605    2.5729   0   0   0
Y530   -0.4929    2.8565   0   0   0
Y531   -0.4989    2.5561   0   0   0
Y532   -0.3725    2.3132   0   0   0
Y533   -1.0557    3.6264   0   0   0
Y534   -0.8823    2.9237   0   0   0
Y535   -0.9182    3.7783   0   0   0
Y536   -0.8478    3.8607   0   0   0
Y537   -0.7453    3.5596   0   0   0
Y538    0.3017    1.9402   0   0   0
Y539    0.2076    1.9596   0   0   0
Y540    0.3245    1.9081   0   0   0
Y541    0.7951    1.4803   0   0   0
Y542    0.6758    1.7296   0   0   0
Y543    0.7567    1.5477   0   0   0
Y544    0.7788    1.4469   0   0   0
Y545    0.7487    1.6974   0   0   0
Y546    0.8153    1.2349   0   0   0
Y547   -0.2650    3.0358   0   0   0
Y548   -0.3675    2.8482   0   0   0
Y551   -0.7108    3.6981   0   0   0
Y552   -0.5044    3.9902   0   0   0
Y553   -0.3806    3.3234   0   0   0
Y554    0.3513    3.1066   0   0   0
Y555    0.6474    2.4487   0   0   0
Y556    0.6661    2.4679   0   0   0
Y557    0.6406    2.4787   0   0   0
Y558    0.6175    2.6209   0   0   0
Y559   -0.6808    4.3162   0   0   0
Y560    0.1501    2.2204   0   0   0
Y561   -1.0961    2.6366   0   0   0
Y562   -1.3495    5.5325   0   0   0
Y564   -1.4139    5.6152   0   0   0
Y566   -0.7456    3.7890   0   0   0
Y567   -0.7735    3.7270   0   0   0
Y568   -0.5974    3.6177   0   0   0
Y569   -0.7032    4.2877   0   0   0
Y571   -0.7931    3.7571   0   0   0
Y572    0.3031    1.6890   0   0   0
Y573   -0.2955    2.3651   0   0   0
Y575   -0.4391    3.7678   0   0   0
Y576    0.1098    2.8598   0   0   0
Y577   -0.1557    3.1420   0   0   0
Y578    0.0045    3.1310   0   0   0
Y579    0.1534    3.3400   0   0   0
Y580    0.2158    3.4399   0   0   0
Y581   -1.0545    4.3386   0   0   0
Y582   -1.0823    4.5431   0   0   0
Y583   -1.0305    4.2892   0   0   0
Y584   -0.9669    4.2773   0   0   0
Y585   -0.9433    4.1710   0   0   0
Y589   -0.5992    3.2841   0   0   0
Y590   -0.7367    3.7169   0   0   0
Y591   -0.7095    4.1668   0   0   0
Y593   -0.1410    3.0651   0   0   0
Y594   -0.0631    3.2964   0   0   0
Y595   -0.3927    3.4663   0   0   0
Y596    0.7735    2.2066   0   0   0
Y598   -0.2449    2.0748   0   0   0
Y599    0.4317    2.3326   0   0   0
Y600   -1.2486    4.1680   0   0   0
Y601   -1.3176    4.4095   0   0   0
Y602   -1.2478    4.8656   0   0   0
Y603   -0.4929    3.6123   0   0   0
Y607   -1.2289    3.5830   0   0   0
Y608   -1.2418    4.2853   0   0   0
Y613   -0.6440    4.2296   0   0   0
Y612   -0.5022    4.0879   0   0   0
Y614    0.0918    3.4938   0   0   0
Y615   -1.0928    4.6784   0   0   0
Y616   -1.3447    4.9304   0   0   0
Y609    0.7985    2.7871   0   0   0
Y611   -0.4476    4.0332   0   0   0
Y610    0.3469    3.2387   0   0   0
