2021-10-30 14:53:36
[[61529.255, 12229.574, 63451.383], [56998.044, 10845.604, 353907.947], [57332.308, 10942.357, 337557.273], [57465.074, 10968.683, 150235.251], [61526.514, 12228.9, 63722.775], [57544.445, 10987.236, 137186.865], [60954.91, 12076.017, 64028.071], [60559.994, 12083.764, 63868.443], [58907.926, 11556.823, 102013.647], [57952.794, 11127.814, 136332.188], [59078.747, 11468.779, 102244.544], [57225.808, 10905.561, 344554.118], [57931.473, 11254.545, 136277.212], [59687.887, 11665.907, 85985.572], [59531.278, 11758.796, 80261.251], [60342.255, 11877.408, 74529.704], [58712.137, 11357.813, 106845.232], [59222.134, 11658.564, 93234.77], [60044.216, 11919.37, 76304.849], [60473.32, 11934.831, 73306.907], [58286.525, 11232.367, 127986.63], [58138.516, 11189.16, 128919.296], [58505.487, 11301.628, 118532.286], [59475.929, 11614.685, 92172.122], [58610.937, 11327.928, 113166.507], [58049.978, 11161.838, 131322.933], [59408.788, 11712.709, 88108.904], [59035.02, 11597.753, 98122.263], [59927.944, 11738.227, 82634.638], [58963.52, 11575.064, 99490.327], [57275.091, 10925.535, 341701.043], [59322.622, 11689.68, 90425.576], [57935.074, 11256.617, 135861.091], [60890.466, 12053.981, 65962.875], [60706.737, 11983.345, 70947.167], [59323.426, 11689.762, 90367.079], [59529.342, 11758.281, 82620.983], [60717.789, 12017.824, 67945.951], [58192.022, 11335.896, 124198.708], [57520.345, 10985.594, 142429.15], [60774.959, 12046.552, 66460.344], [58306.991, 11239.402, 120571.506], [58708.034, 11357.433, 108621.098], [57993.723, 11139.358, 133281.407], [59879.098, 11720.467, 84419.278], [59848.556, 11858.76, 76499.642], [59047.722, 11602.116, 95430.505], [58618.752, 11331.359, 111932.889], [57992.508, 11138.872, 133426.325], [57485.034, 10974.006, 147415.124], [60766.282, 12001.575, 67207.259], [60335.451, 12005.651, 70675.367], [59043.271, 11455.766, 105634.992], [59787.969, 11840.668, 79110.786], [60518.124, 12061.089, 68750.46], [59927.265, 11737.857, 82730.298], [58253.144, 11348.052, 117459.475], [60638.799, 11966.275, 71782.466], [59069.287, 11608.572, 93260.616], [60546.567, 11961.216, 72033.721], [59745.032, 11845.733, 79791.445], [60264.183, 11993.025, 74329.114], [59059.026, 11462.812, 105057.029], [60656.681, 11994.608, 71727.351], [60490.526, 11942.337, 72997.199], [58444.954, 11409.592, 109304.315], [58395.155, 11402.848, 112567.958], [58341.448, 11376.984, 113031.55], [57274.478, 10925.141, 342318.51], [60114.398, 11789.744, 78757.109], [57482.98, 10970.509, 148526.536], [58217.867, 11345.691, 123150.442], [59323.592, 11542.905, 100454.27]]
[6, 11, 3, 4, 1, 6, 4, 0, 11, 6, 2, 6, 11, 0, 3, 4, 3, 1, 11, 9, 3, 6, 10, 5, 0, 6, 8, 2, 3, 6, 2, 5, 9, 3, 0, 9, 2, 7, 10, 0, 11, 9, 7, 3]
[0, 11, 7, 1, 4, 7, 10, 0, 4, 0, 5, 4, 5, 10, 2, 9, 7, 10, 8, 11, 7, 8, 7, 2, 10, 1, 4, 5, 10, 7, 4, 1, 10, 5, 2, 7, 6, 4, 9, 8, 3, 0, 1, 10]
[2, 8, 10, 9, 2, 9, 2, 3, 2, 6, 7, 1, 1, 1, 9, 7, 3, 11, 10, 9, 2, 0, 3, 9, 10, 5, 0, 11, 2, 1, 8, 10, 1, 1, 3, 0, 5, 5, 2, 10, 0, 3, 1, 10]
[0, 11, 7, 1, 4, 7, 10, 0, 4, 0, 5, 4, 5, 10, 2, 9, 7, 10, 8, 11, 7, 8, 7, 2, 10, 1, 4, 5, 10, 7, 4, 1, 10, 5, 2, 7, 5, 4, 9, 8, 3, 0, 1, 3]
[6, 11, 3, 4, 1, 6, 4, 0, 11, 6, 2, 6, 11, 0, 3, 4, 3, 1, 11, 9, 3, 6, 10, 5, 0, 6, 8, 2, 3, 6, 2, 5, 9, 3, 0, 9, 2, 7, 10, 0, 11, 9, 9, 3]
[0, 11, 7, 1, 4, 7, 3, 0, 4, 0, 5, 4, 5, 10, 2, 9, 7, 10, 8, 11, 7, 8, 7, 2, 10, 1, 4, 5, 10, 7, 4, 11, 10, 5, 2, 7, 4, 4, 9, 8, 1, 0, 1, 3]
[9, 11, 8, 7, 0, 1, 4, 3, 9, 6, 2, 6, 11, 0, 3, 4, 3, 8, 10, 2, 3, 3, 3, 3, 11, 6, 9, 10, 6, 4, 7, 6, 9, 6, 0, 8, 2, 2, 1, 0, 2, 9, 3, 3]
[2, 2, 5, 1, 4, 2, 3, 4, 8, 3, 6, 11, 7, 1, 1, 8, 10, 4, 2, 2, 3, 2, 9, 0, 11, 10, 11, 11, 6, 5, 7, 3, 0, 7, 0, 6, 6, 0, 2, 7, 6, 6, 2, 11]
[9, 2, 5, 1, 9, 1, 6, 4, 8, 3, 0, 8, 7, 5, 2, 8, 10, 7, 2, 7, 9, 2, 9, 3, 4, 10, 0, 2, 6, 7, 7, 8, 2, 9, 7, 6, 2, 0, 9, 0, 0, 6, 8, 11]
[8, 11, 1, 1, 3, 10, 11, 0, 4, 0, 5, 4, 5, 10, 7, 9, 7, 10, 8, 11, 7, 8, 8, 2, 10, 11, 1, 7, 10, 7, 4, 0, 10, 10, 2, 5, 7, 4, 9, 11, 3, 0, 9, 3]
[3, 11, 1, 1, 0, 6, 11, 0, 4, 0, 5, 4, 0, 9, 2, 9, 7, 8, 8, 11, 7, 0, 1, 2, 10, 1, 1, 5, 11, 7, 4, 1, 10, 6, 2, 7, 7, 4, 6, 11, 2, 0, 9, 3]
[2, 8, 10, 9, 2, 9, 2, 1, 2, 6, 7, 1, 1, 1, 9, 7, 3, 11, 10, 9, 2, 0, 3, 9, 10, 5, 0, 1, 2, 1, 8, 10, 1, 1, 3, 9, 5, 5, 2, 10, 0, 3, 1, 10]
[7, 10, 9, 10, 6, 8, 3, 9, 2, 0, 7, 0, 5, 10, 9, 1, 3, 0, 3, 9, 10, 8, 3, 9, 10, 7, 11, 5, 10, 9, 9, 10, 8, 7, 9, 10, 10, 11, 9, 9, 5, 6, 9, 11]
[4, 11, 8, 4, 5, 1, 6, 3, 7, 6, 2, 6, 11, 3, 3, 4, 3, 3, 9, 2, 7, 7, 10, 7, 0, 6, 8, 2, 3, 4, 7, 5, 9, 9, 0, 10, 2, 2, 11, 5, 4, 9, 7, 3]
[9, 6, 5, 1, 7, 1, 6, 4, 7, 2, 0, 0, 7, 5, 2, 8, 10, 8, 9, 0, 3, 2, 9, 11, 4, 10, 11, 2, 6, 7, 3, 9, 2, 9, 7, 6, 6, 0, 9, 4, 0, 6, 2, 11]
[3, 11, 0, 4, 9, 1, 4, 3, 8, 6, 2, 6, 11, 0, 3, 4, 3, 8, 9, 2, 3, 7, 10, 7, 0, 6, 8, 2, 3, 4, 7, 5, 9, 3, 0, 2, 2, 2, 11, 4, 4, 9, 7, 3]
[7, 11, 7, 1, 4, 7, 11, 0, 4, 0, 5, 4, 5, 10, 2, 9, 7, 6, 8, 11, 7, 1, 3, 2, 10, 11, 4, 5, 6, 7, 4, 6, 7, 7, 2, 7, 7, 0, 9, 11, 3, 0, 9, 3]
[9, 2, 5, 1, 7, 1, 2, 4, 8, 3, 0, 8, 7, 1, 2, 8, 10, 11, 2, 8, 3, 2, 3, 3, 11, 10, 11, 2, 11, 7, 7, 8, 4, 7, 7, 6, 6, 0, 9, 0, 0, 6, 1, 11]
[2, 2, 5, 1, 2, 2, 2, 4, 8, 3, 0, 11, 7, 1, 1, 8, 10, 4, 2, 8, 3, 2, 9, 0, 11, 10, 11, 11, 8, 5, 7, 3, 0, 7, 0, 6, 6, 0, 9, 7, 0, 6, 2, 11]
[6, 11, 8, 4, 1, 6, 4, 3, 11, 6, 2, 7, 11, 0, 3, 1, 3, 1, 11, 9, 6, 6, 10, 5, 0, 6, 8, 2, 3, 4, 11, 5, 9, 3, 0, 10, 2, 2, 10, 4, 11, 9, 7, 3]
[7, 11, 7, 1, 0, 10, 11, 0, 4, 6, 5, 4, 5, 10, 2, 9, 7, 10, 8, 11, 7, 8, 9, 1, 10, 11, 1, 5, 10, 7, 4, 1, 6, 5, 2, 7, 7, 4, 9, 11, 3, 0, 9, 3]
[7, 6, 7, 1, 11, 10, 11, 0, 4, 0, 5, 4, 5, 1, 2, 9, 7, 10, 8, 11, 7, 8, 7, 2, 10, 11, 1, 5, 10, 7, 4, 1, 0, 5, 2, 7, 7, 4, 9, 11, 3, 0, 9, 3]
[7, 6, 7, 1, 11, 10, 11, 0, 4, 0, 5, 4, 4, 1, 2, 9, 2, 3, 8, 11, 7, 8, 7, 2, 10, 11, 1, 5, 4, 7, 4, 1, 0, 5, 2, 7, 7, 4, 9, 11, 3, 0, 9, 3]
[4, 11, 0, 4, 9, 1, 4, 3, 8, 6, 2, 8, 11, 0, 3, 4, 3, 8, 9, 2, 3, 7, 10, 8, 0, 6, 8, 2, 3, 4, 7, 5, 9, 3, 0, 10, 2, 2, 11, 4, 4, 9, 7, 3]
[7, 11, 7, 10, 4, 7, 11, 0, 4, 0, 5, 4, 5, 10, 2, 9, 7, 10, 8, 11, 7, 1, 3, 2, 10, 11, 4, 5, 6, 7, 9, 6, 7, 5, 2, 7, 7, 4, 9, 11, 3, 0, 9, 3]
[8, 11, 1, 1, 3, 10, 11, 0, 4, 6, 5, 4, 5, 10, 7, 9, 7, 10, 8, 11, 7, 8, 11, 2, 10, 11, 1, 7, 10, 7, 4, 0, 10, 1, 2, 6, 7, 4, 9, 11, 3, 0, 9, 3]
[9, 6, 5, 1, 7, 1, 6, 4, 7, 2, 0, 0, 7, 5, 2, 8, 10, 8, 2, 0, 3, 2, 9, 11, 4, 10, 11, 2, 6, 7, 3, 8, 2, 9, 7, 6, 6, 0, 9, 4, 0, 6, 1, 11]
[9, 6, 5, 8, 7, 1, 6, 4, 7, 3, 0, 8, 7, 5, 2, 8, 10, 11, 0, 8, 3, 2, 9, 11, 4, 10, 11, 2, 6, 7, 7, 8, 2, 9, 7, 6, 6, 0, 9, 4, 0, 6, 1, 11]
[4, 11, 8, 4, 5, 1, 6, 3, 7, 6, 2, 6, 11, 0, 3, 4, 3, 3, 9, 2, 7, 7, 10, 7, 0, 6, 8, 2, 3, 4, 7, 5, 9, 3, 0, 10, 2, 2, 11, 5, 4, 9, 7, 3]
[9, 4, 5, 1, 7, 1, 6, 4, 7, 3, 0, 8, 7, 5, 2, 8, 10, 11, 3, 8, 3, 2, 9, 11, 4, 10, 11, 2, 6, 7, 7, 8, 2, 9, 7, 6, 6, 0, 9, 4, 0, 6, 1, 11]
[2, 8, 10, 9, 2, 9, 2, 1, 2, 6, 7, 1, 1, 1, 9, 7, 3, 11, 10, 9, 2, 0, 3, 9, 10, 5, 0, 11, 2, 1, 8, 10, 1, 1, 3, 0, 5, 5, 2, 10, 0, 3, 1, 10]
[9, 2, 5, 1, 7, 2, 2, 4, 8, 3, 0, 8, 7, 1, 2, 8, 10, 11, 2, 5, 3, 2, 3, 3, 11, 10, 11, 2, 11, 7, 7, 8, 4, 7, 7, 6, 6, 0, 9, 0, 0, 6, 1, 11]
[7, 10, 0, 10, 6, 8, 3, 9, 2, 0, 7, 0, 5, 10, 9, 1, 3, 0, 3, 9, 10, 8, 3, 9, 10, 7, 11, 5, 10, 9, 9, 10, 8, 7, 9, 10, 10, 11, 9, 9, 5, 6, 9, 11]
[9, 11, 8, 7, 0, 1, 4, 3, 9, 6, 2, 6, 11, 0, 3, 4, 3, 8, 10, 2, 3, 7, 3, 3, 11, 6, 9, 2, 6, 4, 7, 6, 9, 6, 0, 8, 2, 2, 1, 0, 2, 9, 3, 3]
[6, 11, 8, 4, 1, 6, 4, 0, 11, 6, 2, 6, 11, 0, 3, 4, 3, 1, 11, 9, 3, 6, 10, 5, 0, 6, 8, 2, 3, 4, 2, 5, 9, 3, 0, 9, 2, 7, 10, 0, 11, 9, 7, 3]
[9, 2, 5, 1, 7, 2, 2, 4, 8, 3, 0, 8, 7, 1, 2, 8, 10, 11, 2, 8, 3, 2, 3, 3, 11, 10, 11, 2, 11, 7, 7, 8, 4, 7, 7, 6, 6, 0, 9, 0, 0, 6, 1, 11]
[9, 6, 5, 1, 7, 1, 6, 4, 7, 2, 0, 0, 7, 5, 2, 8, 10, 8, 2, 0, 3, 2, 9, 11, 4, 10, 11, 2, 6, 7, 3, 8, 2, 9, 7, 6, 6, 0, 9, 4, 0, 6, 2, 11]
[3, 11, 8, 7, 1, 1, 4, 9, 1, 6, 2, 6, 11, 1, 3, 4, 3, 8, 10, 11, 3, 11, 10, 5, 0, 11, 1, 2, 6, 4, 7, 9, 6, 3, 0, 8, 2, 2, 1, 0, 2, 11, 3, 3]
[7, 6, 0, 10, 6, 8, 3, 9, 2, 0, 7, 0, 6, 10, 10, 1, 3, 0, 3, 6, 10, 8, 3, 4, 10, 7, 11, 5, 10, 9, 9, 10, 8, 7, 9, 10, 10, 11, 9, 8, 5, 6, 9, 11]
[7, 11, 7, 1, 4, 7, 10, 0, 4, 0, 5, 4, 5, 10, 2, 9, 7, 10, 8, 11, 7, 8, 7, 2, 10, 1, 4, 5, 10, 7, 4, 1, 10, 5, 2, 7, 7, 4, 11, 8, 3, 0, 7, 3]
[3, 11, 8, 7, 1, 1, 4, 9, 1, 6, 2, 11, 11, 1, 3, 4, 3, 8, 10, 2, 3, 2, 10, 5, 0, 11, 9, 2, 6, 4, 7, 9, 6, 3, 0, 9, 2, 2, 1, 0, 2, 11, 3, 3]
[7, 11, 7, 1, 4, 7, 11, 0, 4, 0, 5, 4, 5, 10, 2, 9, 7, 10, 8, 11, 7, 1, 3, 2, 10, 11, 4, 5, 10, 7, 4, 6, 7, 5, 2, 7, 7, 4, 9, 11, 3, 0, 9, 3]
[7, 11, 7, 1, 5, 4, 11, 0, 4, 0, 5, 4, 5, 10, 2, 9, 7, 6, 8, 11, 7, 1, 3, 2, 10, 11, 4, 5, 6, 7, 4, 6, 7, 7, 2, 7, 7, 0, 9, 11, 3, 0, 9, 3]
[8, 5, 1, 1, 3, 10, 11, 0, 4, 6, 2, 4, 5, 10, 7, 9, 7, 10, 8, 11, 7, 8, 11, 2, 10, 11, 1, 7, 10, 7, 4, 0, 10, 1, 2, 6, 7, 4, 9, 11, 3, 0, 9, 3]
[4, 11, 7, 4, 1, 1, 6, 3, 8, 6, 2, 2, 11, 0, 11, 4, 3, 8, 9, 2, 7, 7, 10, 7, 0, 6, 8, 2, 3, 4, 7, 5, 9, 3, 0, 10, 9, 2, 11, 4, 4, 9, 7, 3]
[9, 6, 3, 1, 7, 1, 6, 4, 7, 2, 0, 0, 7, 2, 2, 8, 10, 8, 2, 0, 3, 2, 9, 11, 4, 10, 11, 2, 6, 7, 3, 8, 2, 9, 7, 6, 6, 0, 9, 4, 0, 6, 2, 11]
[9, 6, 5, 1, 6, 1, 6, 4, 7, 3, 0, 8, 7, 5, 2, 8, 10, 11, 2, 8, 3, 2, 9, 11, 4, 10, 11, 2, 6, 7, 7, 8, 2, 9, 7, 3, 6, 0, 9, 4, 0, 6, 1, 11]
[7, 11, 7, 1, 4, 7, 11, 0, 4, 0, 5, 4, 5, 10, 2, 9, 7, 10, 8, 11, 7, 1, 3, 2, 10, 11, 4, 5, 6, 7, 4, 6, 7, 5, 2, 7, 7, 0, 9, 11, 3, 0, 9, 3]
[8, 5, 1, 1, 3, 10, 11, 7, 4, 6, 2, 4, 5, 10, 7, 9, 7, 10, 8, 11, 7, 8, 11, 2, 10, 11, 1, 7, 10, 7, 4, 0, 10, 1, 2, 6, 7, 4, 9, 11, 3, 4, 9, 3]
[7, 11, 7, 1, 4, 7, 10, 0, 4, 0, 5, 4, 5, 10, 2, 9, 7, 10, 8, 11, 7, 8, 7, 2, 10, 1, 4, 5, 10, 7, 4, 1, 10, 5, 2, 7, 7, 4, 9, 8, 3, 0, 1, 3]
[6, 11, 8, 4, 1, 6, 4, 0, 11, 6, 2, 6, 11, 0, 3, 1, 3, 1, 11, 9, 3, 6, 10, 5, 0, 6, 8, 2, 3, 4, 2, 5, 9, 3, 0, 9, 2, 7, 2, 0, 11, 9, 7, 3]
[2, 2, 5, 1, 4, 2, 2, 4, 8, 3, 0, 11, 7, 1, 1, 8, 10, 4, 2, 8, 3, 2, 9, 0, 11, 10, 11, 11, 6, 5, 7, 3, 0, 7, 0, 6, 6, 0, 9, 7, 0, 6, 2, 11]
[3, 11, 1, 1, 0, 6, 11, 0, 4, 11, 5, 4, 0, 9, 2, 9, 7, 8, 8, 11, 7, 10, 1, 2, 10, 1, 1, 5, 11, 7, 4, 1, 10, 6, 2, 7, 7, 4, 6, 11, 2, 0, 9, 3]
[9, 6, 3, 1, 7, 1, 6, 4, 7, 2, 0, 0, 7, 2, 2, 8, 10, 8, 2, 0, 3, 2, 3, 11, 4, 10, 11, 2, 6, 7, 3, 8, 2, 10, 7, 6, 6, 0, 9, 4, 0, 6, 2, 11]
[2, 2, 5, 2, 4, 2, 2, 4, 8, 3, 0, 11, 7, 1, 1, 8, 10, 4, 2, 8, 3, 2, 9, 0, 11, 10, 11, 11, 6, 5, 7, 3, 0, 7, 0, 6, 6, 0, 9, 7, 0, 6, 2, 11]
[4, 11, 8, 4, 5, 1, 6, 3, 7, 6, 2, 6, 11, 0, 3, 4, 3, 3, 9, 2, 7, 7, 10, 7, 0, 6, 8, 2, 3, 4, 7, 5, 9, 3, 9, 10, 2, 2, 11, 5, 4, 9, 7, 3]
[9, 1, 5, 1, 7, 1, 6, 4, 8, 3, 0, 8, 7, 5, 2, 8, 10, 7, 2, 9, 4, 0, 9, 3, 1, 10, 11, 2, 6, 5, 7, 8, 2, 9, 7, 6, 2, 0, 9, 0, 0, 6, 8, 11]
[6, 11, 8, 4, 1, 4, 4, 0, 11, 6, 2, 6, 11, 0, 3, 4, 3, 1, 11, 9, 3, 6, 10, 5, 0, 6, 8, 2, 3, 4, 2, 5, 9, 3, 2, 9, 2, 7, 10, 0, 11, 9, 7, 3]
[9, 6, 5, 1, 6, 1, 6, 9, 7, 3, 0, 8, 7, 5, 2, 8, 2, 11, 2, 8, 3, 2, 9, 11, 4, 10, 11, 2, 6, 7, 7, 8, 2, 9, 7, 3, 6, 0, 9, 4, 0, 6, 1, 11]
[6, 11, 8, 4, 1, 6, 4, 3, 11, 6, 2, 7, 11, 0, 3, 1, 3, 1, 11, 9, 3, 6, 10, 5, 0, 6, 8, 2, 3, 4, 2, 5, 9, 3, 0, 9, 2, 2, 10, 0, 11, 9, 7, 3]
[9, 6, 5, 1, 7, 1, 6, 4, 7, 2, 0, 0, 7, 5, 2, 8, 10, 8, 2, 0, 3, 2, 9, 11, 4, 10, 11, 2, 6, 7, 3, 8, 2, 9, 7, 6, 6, 11, 9, 4, 0, 6, 2, 11]
[9, 2, 5, 1, 4, 2, 2, 4, 8, 3, 0, 11, 7, 1, 1, 8, 10, 4, 2, 8, 3, 2, 9, 0, 11, 2, 11, 11, 6, 5, 7, 3, 0, 7, 0, 6, 6, 0, 7, 7, 0, 6, 2, 11]
[3, 11, 1, 1, 0, 6, 11, 0, 4, 0, 5, 4, 0, 9, 2, 9, 7, 8, 8, 11, 7, 0, 1, 2, 10, 1, 1, 5, 2, 7, 4, 1, 10, 6, 2, 7, 7, 4, 9, 11, 2, 0, 9, 3]
[3, 11, 8, 7, 1, 1, 4, 9, 1, 6, 2, 6, 11, 1, 3, 4, 3, 8, 10, 2, 3, 7, 10, 5, 0, 11, 9, 2, 6, 4, 7, 9, 6, 3, 0, 9, 2, 2, 1, 0, 2, 11, 3, 3]
[6, 11, 8, 4, 1, 6, 4, 3, 11, 6, 2, 7, 11, 7, 3, 1, 3, 1, 11, 9, 3, 6, 10, 5, 0, 6, 8, 2, 3, 4, 11, 5, 9, 2, 0, 10, 2, 2, 10, 0, 11, 9, 7, 3]
[7, 11, 7, 1, 4, 7, 11, 0, 4, 0, 5, 4, 5, 10, 2, 9, 7, 6, 8, 11, 7, 1, 3, 2, 10, 11, 4, 5, 6, 7, 4, 6, 7, 7, 2, 7, 7, 0, 9, 1, 3, 0, 9, 11]
[9, 2, 5, 1, 0, 1, 6, 4, 8, 3, 0, 8, 7, 5, 2, 8, 10, 7, 2, 8, 7, 2, 9, 3, 1, 10, 11, 2, 6, 5, 7, 8, 2, 9, 7, 6, 2, 0, 9, 5, 0, 6, 8, 11]
[9, 2, 5, 1, 11, 1, 6, 4, 8, 3, 10, 8, 7, 5, 2, 8, 10, 7, 2, 8, 4, 0, 9, 3, 1, 10, 11, 9, 6, 5, 7, 8, 2, 9, 7, 6, 2, 0, 6, 0, 0, 6, 8, 11]
[2, 8, 10, 9, 2, 9, 2, 1, 2, 6, 7, 1, 1, 1, 9, 7, 3, 9, 10, 9, 2, 0, 3, 9, 10, 5, 0, 11, 2, 1, 8, 10, 1, 1, 3, 0, 5, 5, 2, 10, 0, 3, 1, 10]
[4, 11, 7, 4, 1, 7, 6, 3, 8, 6, 2, 2, 11, 0, 11, 4, 3, 8, 9, 2, 7, 7, 10, 7, 0, 6, 8, 2, 3, 4, 7, 5, 3, 3, 0, 10, 9, 2, 11, 4, 4, 9, 7, 3]
[7, 11, 7, 1, 4, 7, 10, 0, 4, 0, 5, 4, 5, 10, 2, 9, 7, 10, 8, 11, 7, 8, 7, 2, 10, 1, 4, 5, 10, 7, 4, 1, 10, 8, 2, 7, 7, 1, 9, 8, 3, 0, 1, 3]
[7, 6, 0, 10, 6, 8, 3, 9, 2, 0, 7, 0, 6, 10, 10, 1, 3, 0, 3, 6, 10, 8, 3, 4, 10, 7, 11, 5, 10, 9, 9, 10, 8, 7, 6, 8, 10, 11, 9, 8, 5, 6, 9, 11]
[3, 11, 1, 1, 0, 6, 11, 0, 4, 0, 5, 4, 0, 9, 2, 9, 7, 8, 8, 11, 7, 0, 1, 2, 10, 1, 1, 5, 2, 7, 11, 1, 10, 6, 2, 7, 7, 4, 9, 11, 2, 0, 9, 3]
运行时间60.532851457595825

2021-10-30 15:08:41
[[57190.885, 10893.969, 339192.815], [62873.482, 12788.531, 42972.233], [57655.546, 11041.322, 135748.355], [57672.239, 11040.738, 315411.924], [62162.808, 12561.996, 48148.846], [58389.375, 11289.975, 101046.51], [58901.608, 11440.378, 98527.315], [62665.126, 12721.846, 45797.574], [59549.454, 11608.205, 87325.732], [60392.506, 11864.595, 79788.894], [61045.252, 12063.376, 63746.874], [62861.443, 12778.093, 44187.167], [60179.823, 11954.895, 76669.609], [59884.473, 11712.623, 84872.514], [61980.404, 12511.702, 50100.179], [60161.002, 11780.551, 84023.044], [59274.318, 11562.144, 89509.373], [58368.523, 11286.889, 104511.494], [61754.038, 12439.788, 50896.855], [59755.746, 11671.497, 85089.801], [57904.829, 11125.778, 118215.903], [61589.074, 12381.719, 56168.779], [59008.166, 11474.116, 95579.948], [57479.581, 10981.989, 323114.269], [59273.751, 11558.556, 89518.991], [60174.112, 11792.05, 82847.114], [60041.963, 11909.865, 83829.84], [57982.684, 11156.34, 115067.06], [60863.24, 12007.202, 74274.743], [58262.907, 11247.074, 106780.903], [60041.885, 11909.679, 83834.537], [57295.912, 10928.36, 330156.045], [59648.279, 11642.463, 86021.489], [57248.305, 10911.321, 338809.126], [57705.088, 11056.305, 134341.72], [59094.73, 11506.067, 94499.671], [59168.81, 11531.147, 92033.362], [58182.167, 11229.762, 106804.692], [57367.982, 10949.915, 327989.406], [57454.053, 10975.442, 326518.625], [62161.325, 12561.581, 48321.55], [58921.278, 11578.052, 94715.356], [58055.119, 11184.359, 112082.29], [60864.733, 12005.941, 72109.138], [61706.069, 12421.37, 51888.341], [62161.594, 12559.378, 49759.08], [59010.614, 11474.245, 95349.143], [57794.261, 11087.092, 132607.162], [60502.646, 11887.524, 77857.871], [61411.893, 12327.304, 58581.182], [57828.685, 11098.431, 132551.899], [57858.724, 11108.795, 123001.134], [60403.737, 11867.372, 79238.292], [60611.981, 11950.123, 75244.255], [57587.085, 11019.232, 320348.68], [57254.524, 10914.402, 334543.807], [57651.127, 11036.452, 317527.462], [60402.066, 12001.941, 75437.239], [59107.961, 11510.013, 92992.204], [57837.856, 11101.734, 126812.063], [60578.373, 12073.557, 72215.245], [57588.778, 11017.764, 321960.07], [58121.905, 11205.372, 110876.273], [60509.016, 12048.82, 74456.107], [58125.133, 11206.848, 110553.214], [58168.576, 11225.405, 108531.867], [60633.494, 12092.536, 66430.585], [61159.965, 12102.265, 59081.189], [61840.972, 12301.282, 58188.523], [58388.517, 11289.702, 101470.426]]
[8, 7, 0, 7, 1, 1, 6, 0, 1, 10, 7, 10, 4, 4, 1, 9, 5, 2, 8, 8, 11, 9, 1, 0, 5, 8, 5, 8, 11, 7, 4, 6, 7, 4, 8, 2, 4, 0, 4, 5, 7, 5, 9, 10]
[11, 8, 10, 2, 7, 3, 6, 6, 11, 11, 9, 2, 2, 6, 9, 5, 9, 2, 10, 6, 6, 6, 10, 3, 3, 11, 8, 3, 9, 3, 11, 2, 2, 6, 1, 11, 2, 6, 11, 1, 2, 4, 3, 11]
[4, 5, 1, 8, 9, 7, 7, 2, 5, 9, 4, 10, 4, 0, 1, 7, 2, 11, 10, 5, 0, 9, 7, 7, 5, 10, 11, 4, 10, 4, 10, 10, 4, 0, 1, 5, 10, 6, 2, 0, 4, 6, 2, 3]
[0, 6, 0, 7, 3, 1, 6, 0, 11, 6, 7, 9, 4, 4, 0, 9, 2, 2, 8, 8, 11, 9, 1, 0, 5, 8, 5, 9, 11, 7, 1, 6, 7, 4, 7, 6, 4, 0, 4, 9, 8, 0, 8, 10]
[11, 10, 10, 6, 7, 4, 6, 6, 11, 11, 9, 2, 2, 7, 4, 0, 9, 8, 10, 6, 6, 6, 10, 3, 3, 6, 8, 3, 1, 3, 11, 2, 2, 6, 2, 11, 2, 4, 11, 10, 2, 6, 3, 11]
[4, 5, 0, 8, 2, 7, 2, 2, 0, 6, 4, 10, 3, 10, 11, 4, 2, 11, 11, 8, 2, 3, 6, 1, 5, 11, 11, 7, 10, 4, 10, 2, 4, 7, 1, 2, 9, 6, 2, 5, 9, 6, 2, 3]
[4, 5, 0, 8, 7, 7, 3, 2, 11, 1, 4, 11, 4, 11, 6, 4, 2, 11, 11, 8, 5, 3, 6, 1, 1, 0, 8, 7, 10, 4, 10, 11, 4, 4, 1, 2, 9, 6, 2, 8, 9, 6, 2, 3]
[11, 8, 10, 6, 7, 3, 6, 6, 11, 11, 9, 2, 2, 10, 9, 5, 9, 2, 10, 6, 6, 6, 10, 3, 3, 6, 8, 3, 9, 3, 11, 2, 2, 6, 1, 11, 2, 6, 11, 1, 2, 4, 3, 11]
[11, 11, 3, 0, 4, 11, 6, 1, 7, 0, 8, 0, 4, 8, 2, 10, 6, 10, 1, 9, 2, 11, 11, 2, 2, 8, 3, 6, 6, 1, 0, 4, 3, 9, 10, 10, 9, 8, 3, 10, 0, 4, 9, 3]
[11, 4, 3, 0, 4, 11, 2, 9, 7, 0, 8, 2, 2, 11, 2, 10, 6, 7, 1, 0, 2, 11, 11, 9, 2, 3, 6, 10, 6, 1, 0, 4, 3, 9, 0, 10, 9, 8, 3, 10, 0, 4, 1, 3]
[11, 4, 10, 3, 7, 6, 6, 9, 3, 10, 9, 0, 2, 7, 9, 5, 3, 10, 3, 6, 6, 6, 10, 3, 3, 6, 8, 3, 11, 3, 11, 9, 7, 7, 1, 3, 0, 7, 2, 5, 6, 4, 3, 3]
[3, 8, 10, 2, 7, 3, 6, 6, 11, 11, 9, 2, 2, 6, 9, 5, 9, 2, 10, 6, 6, 6, 10, 3, 3, 6, 8, 3, 9, 3, 11, 2, 2, 6, 1, 11, 2, 6, 11, 10, 2, 4, 3, 11]
[5, 0, 2, 0, 1, 0, 2, 2, 3, 6, 9, 7, 3, 4, 6, 4, 2, 8, 0, 1, 1, 4, 3, 0, 3, 6, 11, 4, 3, 4, 2, 6, 9, 4, 2, 3, 6, 3, 7, 8, 1, 3, 4, 11]
[11, 4, 3, 0, 4, 7, 2, 9, 7, 0, 8, 0, 2, 11, 2, 10, 6, 7, 1, 0, 2, 11, 11, 9, 2, 3, 6, 10, 6, 1, 0, 4, 3, 9, 10, 10, 9, 8, 3, 4, 0, 4, 1, 3]
[11, 10, 10, 1, 7, 4, 6, 6, 11, 11, 9, 2, 2, 7, 4, 0, 9, 8, 10, 6, 6, 2, 10, 3, 3, 6, 8, 3, 1, 3, 11, 2, 2, 6, 2, 2, 2, 4, 11, 10, 2, 6, 3, 11]
[11, 4, 3, 0, 2, 11, 2, 9, 7, 0, 5, 0, 4, 10, 0, 10, 6, 7, 1, 0, 3, 11, 0, 9, 2, 8, 6, 10, 6, 6, 0, 4, 3, 4, 10, 10, 9, 8, 9, 0, 0, 4, 9, 3]
[4, 9, 11, 8, 7, 3, 6, 2, 2, 9, 4, 10, 4, 0, 9, 4, 9, 4, 6, 8, 2, 3, 6, 1, 5, 3, 9, 7, 3, 4, 10, 11, 4, 11, 6, 2, 10, 6, 2, 0, 9, 6, 2, 3]
[4, 5, 0, 11, 2, 7, 2, 2, 0, 6, 4, 10, 4, 10, 11, 4, 2, 11, 11, 8, 2, 3, 6, 1, 5, 0, 11, 7, 10, 4, 10, 2, 4, 7, 1, 2, 9, 6, 2, 5, 9, 6, 2, 3]
[11, 9, 10, 2, 7, 4, 6, 6, 11, 11, 1, 2, 2, 7, 9, 0, 9, 2, 10, 6, 3, 6, 10, 3, 3, 6, 8, 3, 9, 0, 11, 2, 2, 6, 1, 11, 2, 4, 11, 10, 2, 4, 3, 11]
[11, 11, 3, 0, 4, 11, 6, 5, 7, 0, 8, 0, 4, 11, 2, 10, 6, 10, 1, 9, 2, 11, 11, 2, 2, 8, 3, 6, 6, 1, 0, 4, 3, 9, 10, 10, 9, 8, 3, 10, 0, 4, 9, 3]
[4, 5, 1, 8, 7, 4, 7, 2, 0, 9, 0, 10, 4, 0, 9, 9, 2, 11, 10, 8, 0, 3, 7, 1, 5, 10, 11, 6, 10, 0, 0, 4, 4, 0, 4, 5, 10, 6, 2, 0, 4, 6, 2, 3]
[11, 10, 10, 2, 7, 4, 6, 6, 11, 11, 1, 2, 2, 7, 9, 0, 9, 2, 10, 6, 4, 6, 10, 3, 3, 6, 8, 3, 9, 0, 11, 2, 2, 6, 1, 6, 2, 4, 11, 10, 2, 4, 3, 11]
[4, 5, 0, 8, 2, 7, 2, 2, 0, 6, 4, 10, 4, 5, 11, 4, 2, 11, 11, 4, 2, 3, 6, 1, 3, 0, 11, 7, 10, 4, 10, 2, 4, 4, 1, 2, 9, 6, 2, 5, 9, 6, 2, 3]
[0, 9, 0, 7, 9, 1, 6, 0, 1, 6, 7, 10, 7, 4, 0, 9, 5, 2, 5, 2, 11, 9, 1, 6, 5, 8, 5, 9, 11, 7, 4, 6, 7, 4, 7, 0, 4, 0, 4, 9, 8, 0, 9, 10]
[4, 9, 11, 8, 7, 3, 6, 2, 2, 9, 4, 10, 4, 0, 9, 4, 0, 4, 6, 8, 6, 3, 6, 1, 5, 3, 9, 7, 3, 4, 10, 11, 4, 11, 6, 2, 10, 6, 2, 0, 9, 6, 2, 3]
[11, 4, 3, 0, 2, 11, 2, 9, 4, 0, 5, 0, 4, 10, 0, 10, 6, 7, 1, 0, 3, 11, 0, 9, 2, 8, 6, 10, 6, 11, 0, 4, 3, 4, 10, 10, 9, 8, 9, 0, 0, 4, 9, 3]
[9, 0, 10, 0, 1, 0, 2, 9, 3, 6, 5, 2, 4, 4, 6, 4, 2, 8, 0, 1, 1, 2, 5, 8, 3, 6, 11, 4, 3, 4, 4, 6, 9, 4, 2, 7, 6, 3, 6, 8, 7, 9, 1, 11]
[4, 5, 0, 8, 7, 7, 3, 2, 0, 6, 4, 10, 4, 10, 11, 4, 2, 11, 11, 8, 5, 3, 1, 1, 5, 0, 11, 7, 10, 4, 10, 11, 4, 4, 1, 2, 9, 6, 2, 0, 9, 6, 4, 3]
[11, 10, 10, 3, 7, 6, 6, 9, 3, 10, 9, 5, 2, 7, 9, 5, 9, 10, 3, 6, 6, 6, 10, 3, 3, 6, 8, 3, 11, 3, 11, 9, 7, 7, 1, 4, 0, 7, 2, 5, 6, 4, 3, 3]
[4, 5, 0, 8, 2, 7, 3, 2, 0, 6, 4, 10, 11, 10, 11, 4, 6, 11, 11, 8, 5, 3, 6, 1, 5, 0, 11, 7, 10, 4, 10, 11, 4, 4, 1, 2, 9, 6, 2, 5, 9, 6, 2, 3]
[9, 0, 10, 0, 1, 0, 2, 9, 3, 6, 5, 2, 4, 4, 6, 4, 2, 8, 0, 1, 1, 2, 5, 8, 3, 6, 3, 4, 3, 4, 4, 6, 9, 4, 2, 7, 6, 3, 6, 8, 7, 9, 1, 11]
[0, 9, 0, 7, 1, 1, 6, 7, 1, 6, 7, 10, 4, 4, 0, 9, 5, 2, 5, 8, 11, 9, 1, 6, 5, 8, 5, 9, 11, 7, 4, 7, 7, 4, 7, 0, 4, 0, 4, 9, 8, 0, 9, 10]
[11, 11, 3, 0, 4, 0, 6, 5, 7, 0, 8, 0, 4, 11, 1, 10, 6, 10, 1, 9, 2, 11, 11, 6, 2, 8, 3, 6, 6, 1, 0, 4, 3, 9, 10, 10, 9, 8, 3, 10, 0, 11, 9, 3]
[8, 7, 0, 7, 1, 1, 6, 0, 1, 10, 7, 10, 4, 4, 0, 9, 5, 2, 8, 8, 11, 9, 1, 0, 5, 8, 5, 8, 11, 7, 4, 6, 7, 4, 8, 0, 4, 0, 4, 5, 7, 5, 9, 10]
[4, 5, 1, 8, 7, 7, 6, 2, 5, 9, 4, 10, 4, 0, 1, 7, 2, 11, 10, 8, 0, 9, 7, 1, 5, 10, 11, 7, 10, 4, 10, 10, 4, 0, 1, 5, 10, 6, 2, 0, 8, 6, 2, 3]
[4, 5, 11, 8, 2, 8, 2, 2, 0, 6, 4, 10, 4, 10, 11, 4, 2, 11, 11, 4, 2, 3, 6, 1, 3, 0, 11, 7, 10, 4, 10, 11, 4, 4, 1, 2, 0, 6, 2, 5, 9, 6, 2, 3]
[4, 9, 11, 8, 7, 1, 6, 2, 2, 9, 4, 10, 4, 0, 9, 4, 9, 11, 6, 8, 2, 3, 6, 1, 5, 3, 9, 7, 3, 4, 10, 11, 4, 11, 6, 2, 10, 6, 2, 0, 9, 6, 2, 3]
[4, 5, 0, 8, 2, 7, 2, 2, 0, 6, 4, 10, 4, 10, 11, 4, 2, 11, 11, 8, 2, 3, 6, 1, 5, 0, 11, 7, 10, 4, 10, 2, 4, 7, 1, 2, 9, 6, 2, 5, 9, 6, 2, 3]
[0, 9, 0, 7, 1, 1, 6, 0, 1, 6, 7, 9, 4, 4, 6, 9, 5, 2, 8, 8, 11, 9, 1, 0, 5, 8, 5, 9, 11, 7, 1, 0, 7, 4, 7, 0, 4, 0, 4, 9, 8, 0, 9, 10]
[0, 9, 0, 7, 1, 1, 6, 0, 1, 6, 7, 10, 4, 4, 0, 9, 5, 2, 5, 8, 11, 9, 1, 6, 5, 8, 5, 9, 11, 7, 4, 6, 7, 4, 7, 0, 4, 0, 4, 9, 8, 0, 9, 10]
[11, 10, 10, 6, 7, 4, 6, 6, 11, 11, 9, 2, 2, 7, 4, 0, 9, 8, 10, 6, 6, 6, 10, 3, 3, 6, 8, 3, 1, 3, 11, 2, 2, 6, 2, 2, 2, 4, 11, 10, 2, 6, 3, 11]
[5, 0, 2, 0, 1, 0, 2, 2, 3, 6, 9, 7, 3, 4, 6, 4, 2, 8, 0, 1, 1, 4, 3, 0, 1, 8, 11, 4, 1, 4, 2, 6, 9, 4, 2, 3, 6, 3, 7, 8, 1, 3, 4, 11]
[4, 5, 0, 8, 2, 7, 3, 2, 0, 6, 4, 10, 4, 10, 11, 4, 2, 11, 11, 8, 5, 3, 6, 1, 5, 0, 11, 7, 10, 4, 10, 11, 4, 4, 1, 2, 9, 6, 2, 5, 9, 6, 2, 3]
[11, 10, 10, 3, 7, 6, 6, 9, 3, 10, 9, 5, 2, 7, 9, 5, 3, 10, 3, 6, 6, 6, 10, 3, 3, 6, 8, 3, 11, 3, 11, 9, 7, 7, 1, 3, 0, 7, 2, 5, 6, 4, 3, 3]
[11, 8, 3, 2, 7, 4, 6, 6, 11, 11, 1, 2, 2, 7, 9, 0, 9, 2, 10, 6, 4, 6, 10, 3, 3, 6, 8, 3, 9, 0, 11, 2, 2, 6, 1, 6, 2, 4, 11, 10, 2, 4, 3, 11]
[3, 10, 10, 6, 5, 4, 6, 6, 11, 11, 9, 2, 2, 7, 4, 0, 9, 8, 10, 6, 6, 6, 10, 3, 3, 6, 8, 3, 1, 3, 11, 2, 2, 6, 2, 11, 2, 4, 11, 10, 2, 6, 3, 11]
[4, 5, 0, 8, 2, 7, 2, 2, 0, 6, 4, 10, 4, 10, 11, 4, 2, 11, 11, 4, 2, 3, 6, 1, 3, 0, 11, 7, 10, 4, 10, 11, 4, 4, 1, 2, 9, 6, 2, 5, 9, 6, 2, 3]
[4, 5, 1, 8, 7, 8, 7, 2, 5, 9, 0, 10, 4, 0, 9, 7, 2, 11, 10, 8, 0, 10, 7, 11, 5, 10, 11, 7, 10, 4, 0, 10, 4, 0, 4, 2, 10, 6, 2, 0, 4, 6, 2, 3]
[11, 4, 3, 0, 2, 11, 3, 9, 4, 2, 5, 0, 4, 10, 0, 10, 6, 7, 1, 0, 3, 11, 0, 9, 2, 8, 6, 10, 6, 11, 0, 4, 3, 6, 10, 10, 9, 8, 9, 0, 0, 4, 9, 3]
[11, 10, 10, 7, 7, 4, 6, 6, 11, 4, 1, 2, 2, 7, 9, 0, 9, 2, 10, 6, 4, 6, 10, 3, 3, 6, 8, 3, 9, 0, 11, 2, 2, 6, 1, 6, 2, 4, 11, 10, 2, 4, 3, 11]
[4, 5, 1, 8, 7, 7, 7, 2, 5, 9, 4, 10, 4, 0, 9, 7, 2, 11, 10, 8, 5, 3, 6, 1, 5, 10, 11, 7, 10, 4, 10, 10, 4, 0, 1, 5, 10, 6, 2, 0, 4, 6, 2, 3]
[4, 5, 1, 8, 7, 4, 7, 2, 0, 9, 0, 10, 4, 0, 9, 9, 2, 11, 10, 8, 0, 3, 7, 1, 5, 10, 11, 7, 10, 0, 0, 10, 4, 0, 4, 5, 10, 6, 2, 0, 4, 6, 2, 3]
[11, 4, 3, 0, 11, 11, 2, 9, 7, 0, 8, 2, 2, 11, 9, 10, 6, 7, 1, 0, 2, 11, 11, 9, 2, 3, 6, 10, 6, 1, 0, 4, 3, 9, 0, 10, 9, 8, 3, 10, 0, 4, 1, 3]
[11, 4, 3, 0, 4, 11, 2, 9, 7, 0, 8, 2, 2, 11, 2, 10, 6, 9, 1, 0, 2, 11, 11, 9, 2, 3, 6, 10, 6, 1, 0, 4, 3, 9, 0, 10, 9, 6, 3, 10, 0, 4, 1, 3]
[0, 2, 0, 7, 3, 1, 6, 0, 7, 6, 7, 9, 4, 4, 0, 9, 5, 2, 8, 8, 11, 9, 1, 0, 5, 8, 5, 9, 11, 7, 1, 6, 7, 4, 7, 6, 4, 0, 4, 9, 5, 0, 10, 10]
[5, 9, 0, 7, 6, 1, 6, 0, 1, 10, 7, 10, 4, 4, 0, 9, 5, 2, 8, 8, 11, 9, 1, 0, 5, 8, 5, 9, 11, 7, 4, 6, 7, 4, 7, 0, 4, 0, 4, 5, 7, 5, 9, 10]
[0, 2, 0, 7, 3, 1, 6, 0, 11, 6, 7, 9, 4, 4, 0, 9, 5, 2, 8, 8, 11, 9, 1, 0, 5, 8, 5, 9, 11, 7, 1, 6, 7, 4, 7, 6, 4, 0, 4, 9, 8, 0, 8, 10]
[9, 11, 10, 0, 1, 0, 2, 9, 3, 6, 11, 2, 3, 4, 6, 4, 2, 8, 0, 1, 1, 2, 5, 5, 3, 6, 11, 4, 3, 4, 2, 6, 9, 4, 2, 7, 6, 10, 6, 8, 7, 9, 1, 11]
[4, 5, 11, 8, 2, 7, 2, 2, 0, 6, 4, 10, 4, 10, 11, 4, 2, 11, 11, 4, 2, 3, 6, 1, 3, 0, 11, 7, 10, 4, 10, 11, 4, 4, 1, 2, 0, 6, 2, 5, 9, 6, 2, 3]
[4, 5, 1, 8, 7, 8, 7, 2, 5, 9, 0, 10, 4, 0, 9, 7, 2, 11, 10, 8, 0, 3, 7, 1, 5, 10, 11, 7, 10, 4, 0, 10, 4, 0, 4, 5, 10, 6, 2, 0, 4, 6, 2, 3]
[9, 11, 10, 0, 1, 0, 2, 9, 3, 6, 5, 2, 3, 4, 6, 4, 2, 8, 0, 1, 1, 2, 5, 5, 3, 6, 11, 4, 3, 4, 2, 6, 9, 4, 2, 7, 6, 3, 6, 8, 7, 9, 1, 11]
[0, 2, 0, 7, 3, 1, 6, 0, 1, 6, 7, 9, 4, 4, 0, 9, 5, 2, 8, 8, 11, 9, 1, 0, 5, 8, 5, 9, 11, 7, 1, 6, 7, 4, 7, 6, 4, 0, 4, 9, 8, 0, 10, 10]
[4, 5, 0, 8, 7, 7, 3, 2, 0, 6, 4, 10, 4, 10, 11, 4, 2, 11, 11, 8, 5, 3, 6, 1, 5, 0, 11, 7, 10, 4, 10, 11, 4, 4, 1, 2, 9, 6, 2, 0, 9, 6, 2, 3]
[9, 0, 10, 0, 1, 0, 2, 9, 3, 6, 5, 2, 3, 4, 6, 4, 2, 8, 0, 1, 1, 2, 5, 8, 3, 6, 11, 4, 3, 4, 2, 6, 9, 4, 2, 7, 6, 3, 6, 8, 7, 9, 1, 11]
[4, 5, 0, 1, 7, 7, 3, 2, 0, 6, 4, 10, 4, 10, 11, 4, 2, 11, 11, 8, 5, 3, 6, 1, 5, 0, 11, 7, 10, 4, 10, 11, 4, 4, 1, 2, 9, 6, 2, 0, 9, 6, 11, 3]
[4, 5, 0, 8, 2, 7, 2, 2, 0, 6, 4, 10, 4, 10, 11, 4, 2, 11, 11, 8, 2, 3, 6, 1, 5, 11, 11, 7, 10, 4, 10, 2, 4, 7, 1, 2, 9, 6, 7, 5, 9, 6, 2, 3]
[10, 0, 10, 0, 1, 0, 2, 2, 6, 6, 5, 2, 3, 1, 6, 4, 2, 2, 0, 11, 1, 6, 3, 8, 3, 6, 11, 4, 3, 4, 2, 6, 9, 4, 2, 4, 6, 3, 2, 9, 0, 3, 4, 11]
[11, 4, 3, 3, 7, 6, 6, 9, 3, 10, 9, 0, 2, 7, 9, 5, 3, 10, 3, 6, 6, 6, 10, 3, 3, 6, 8, 3, 11, 3, 11, 9, 7, 7, 7, 3, 0, 7, 2, 5, 6, 4, 3, 3]
[11, 10, 10, 3, 7, 6, 6, 9, 3, 9, 9, 11, 2, 7, 9, 5, 9, 10, 3, 6, 6, 6, 10, 3, 3, 6, 8, 3, 11, 3, 11, 9, 7, 6, 9, 4, 2, 7, 2, 5, 8, 7, 3, 3]
[4, 5, 0, 8, 2, 7, 3, 2, 0, 6, 9, 10, 11, 10, 11, 4, 6, 11, 11, 8, 3, 3, 6, 1, 5, 0, 11, 7, 10, 4, 10, 11, 4, 4, 1, 2, 9, 6, 2, 5, 9, 6, 2, 3]
运行时间62.06463313102722

2021-10-30 15:47:08
[[61710.555, 12268.942, 61225.008], [60490.61, 11910.467, 82249.784], [61316.246, 12164.391, 67971.021], [60262.082, 11877.91, 89346.971], [61189.65, 12156.251, 79340.349], [59742.874, 11821.403, 122586.705], [59472.595, 11738.931, 136570.003], [59588.42, 11782.732, 132053.606], [59643.154, 11781.303, 134930.143], [60448.653, 11892.967, 88043.424], [59905.819, 11880.567, 111183.14], [60254.691, 11875.257, 89869.523], [59699.391, 11804.61, 127684.416], [61685.658, 12255.659, 63407.94], [59796.634, 11839.03, 112032.334], [59529.543, 11756.087, 135235.682]]
[2, 2, 1, 1, 2, 2, 2, 3, 3, 2, 2, 0, 3, 3, 3, 3, 2, 1, 2, 2, 2, 3, 3, 1, 2, 2, 4, 1, 2, 3, 2, 1, 2, 2, 2, 1, 1, 1, 2, 1, 1, 2, 1, 3]
[1, 1, 1, 2, 2, 2, 2, 3, 2, 2, 1, 0, 2, 3, 2, 3, 2, 3, 1, 2, 2, 3, 3, 1, 3, 2, 1, 1, 2, 0, 0, 1, 1, 2, 2, 2, 1, 1, 2, 1, 1, 2, 2, 3]
[0, 2, 2, 1, 3, 2, 2, 3, 3, 3, 2, 1, 3, 1, 4, 3, 3, 2, 2, 3, 2, 2, 2, 1, 3, 2, 3, 1, 2, 2, 1, 2, 3, 2, 3, 1, 1, 1, 1, 1, 1, 3, 2, 3]
[1, 5, 1, 1, 2, 2, 1, 3, 3, 3, 2, 1, 4, 3, 4, 4, 3, 2, 4, 2, 2, 3, 3, 2, 5, 2, 3, 2, 4, 3, 2, 2, 2, 4, 5, 2, 1, 2, 2, 1, 2, 4, 2, 3]
[1, 2, 1, 3, 2, 2, 1, 2, 2, 3, 2, 0, 3, 3, 2, 3, 2, 2, 1, 2, 1, 2, 3, 2, 1, 2, 4, 1, 1, 2, 1, 2, 2, 2, 3, 2, 1, 2, 2, 2, 1, 2, 2, 3]
[1, 2, 1, 2, 2, 2, 1, 2, 2, 2, 2, 0, 2, 2, 2, 3, 1, 2, 2, 1, 3, 2, 2, 1, 1, 2, 2, 1, 2, 1, 1, 1, 1, 2, 2, 1, 1, 1, 1, 1, 0, 3, 1, 2]
[1, 2, 1, 2, 1, 1, 1, 2, 2, 2, 1, 0, 2, 2, 1, 2, 1, 2, 1, 2, 1, 2, 2, 1, 1, 2, 2, 1, 2, 1, 1, 1, 1, 2, 2, 1, 1, 1, 1, 0, 0, 3, 1, 2]
[1, 2, 1, 2, 1, 1, 1, 2, 2, 2, 1, 0, 2, 2, 1, 2, 1, 2, 1, 2, 2, 2, 2, 1, 1, 2, 2, 1, 2, 1, 1, 1, 1, 2, 2, 1, 1, 1, 1, 0, 0, 3, 1, 2]
[1, 1, 1, 1, 2, 2, 1, 2, 1, 2, 2, 0, 2, 2, 1, 3, 1, 2, 2, 1, 2, 3, 2, 1, 1, 1, 2, 1, 1, 2, 1, 1, 1, 2, 2, 1, 0, 1, 1, 1, 1, 3, 1, 2]
[1, 1, 1, 2, 2, 2, 2, 3, 2, 2, 1, 0, 2, 3, 2, 3, 2, 3, 1, 2, 2, 3, 3, 1, 3, 2, 1, 1, 2, 0, 0, 1, 1, 2, 2, 0, 1, 1, 2, 1, 1, 10, 2, 3]
[1, 2, 1, 1, 2, 2, 1, 2, 2, 2, 2, 0, 2, 2, 2, 3, 1, 2, 2, 2, 3, 3, 2, 1, 1, 2, 2, 1, 3, 1, 1, 2, 1, 2, 2, 1, 4, 1, 1, 1, 2, 3, 1, 2]
[1, 5, 1, 1, 2, 2, 1, 3, 3, 3, 2, 1, 4, 3, 4, 4, 3, 2, 4, 2, 2, 3, 3, 2, 5, 2, 7, 2, 4, 3, 2, 2, 2, 4, 5, 2, 1, 2, 2, 1, 2, 4, 2, 3]
[1, 2, 1, 2, 2, 2, 1, 2, 2, 2, 2, 0, 2, 2, 2, 3, 1, 2, 11, 1, 3, 2, 2, 1, 1, 2, 2, 1, 2, 1, 1, 1, 1, 2, 2, 1, 1, 1, 1, 1, 0, 8, 1, 2]
[2, 2, 1, 1, 2, 2, 2, 3, 3, 2, 2, 0, 3, 3, 3, 3, 2, 1, 2, 2, 2, 3, 3, 1, 2, 9, 4, 1, 2, 3, 2, 1, 2, 2, 8, 1, 1, 1, 2, 1, 1, 2, 1, 3]
[1, 2, 1, 2, 2, 2, 2, 2, 2, 2, 1, 0, 2, 2, 2, 3, 1, 2, 1, 2, 3, 2, 2, 1, 1, 2, 2, 1, 2, 1, 1, 1, 1, 2, 2, 1, 1, 1, 2, 0, 0, 3, 1, 2]
[1, 2, 1, 2, 1, 1, 1, 2, 2, 2, 1, 0, 2, 2, 4, 2, 1, 2, 1, 2, 1, 2, 2, 1, 1, 11, 2, 1, 2, 1, 1, 1, 1, 2, 2, 1, 1, 1, 1, 0, 0, 3, 1, 2]
运行时间6.969400644302368

2021-10-30 15:48:26
[[58139.768, 11309.338, 220324.34], [57920.836, 11236.309, 234188.203], [58258.977, 11213.708, 118749.254], [58052.837, 11280.626, 225972.825], [58111.072, 11298.167, 221993.172], [58099.947, 11294.904, 223668.092], [58148.311, 11312.274, 220018.464], [57873.527, 11220.759, 235607.546], [57936.644, 11246.866, 227633.734], [58136.104, 11308.345, 220780.772], [58194.494, 11323.668, 218388.579], [58160.388, 11313.776, 219747.548], [58101.801, 11295.887, 222652.65]]
[2, 0, 0, 0, 0, 1, 0, 0, 0, 0, 0, 0, 1, 0, 1, 0, 1, 0, 0, 1, 0, 0, 0, 1, 1, 1, 0, 0, 0, 1, 2, 0, 0, 0, 0, 0, 1, 0, 0, 1, 0, 0, 0, 0]
[2, 1, 0, 10, 0, 1, 0, 0, 0, 0, 0, 10, 1, 0, 1, 0, 1, 0, 0, 1, 0, 0, 0, 1, 1, 1, 0, 1, 0, 1, 2, 0, 0, 0, 0, 0, 1, 0, 0, 1, 0, 0, 1, 0]
[2, 0, 0, 0, 2, 1, 0, 0, 0, 0, 0, 0, 1, 0, 1, 0, 1, 0, 0, 1, 0, 0, 0, 1, 1, 1, 0, 0, 0, 1, 2, 0, 0, 0, 0, 0, 1, 0, 0, 1, 0, 4, 0, 3]
[2, 1, 0, 0, 2, 1, 0, 0, 0, 0, 0, 0, 1, 0, 1, 0, 1, 0, 0, 1, 0, 0, 0, 1, 1, 1, 0, 1, 0, 1, 2, 0, 5, 0, 0, 0, 1, 0, 0, 1, 0, 4, 0, 0]
[2, 1, 0, 0, 3, 1, 0, 0, 0, 0, 0, 0, 1, 0, 1, 0, 1, 0, 0, 1, 0, 0, 0, 1, 1, 1, 0, 1, 0, 1, 2, 0, 0, 0, 0, 0, 1, 0, 0, 1, 0, 0, 0, 0]
[2, 1, 0, 0, 0, 1, 0, 0, 0, 0, 0, 0, 1, 0, 1, 0, 1, 0, 0, 1, 0, 0, 0, 1, 1, 1, 0, 1, 0, 1, 2, 0, 0, 0, 0, 0, 1, 0, 0, 1, 0, 0, 0, 0]
[2, 0, 0, 0, 0, 4, 0, 0, 0, 0, 0, 0, 1, 0, 1, 0, 1, 0, 0, 1, 0, 0, 0, 1, 1, 1, 0, 0, 0, 1, 2, 0, 0, 0, 10, 0, 1, 0, 0, 1, 0, 0, 0, 0]
[2, 1, 7, 10, 0, 1, 0, 0, 0, 10, 0, 10, 1, 0, 1, 0, 1, 0, 0, 1, 0, 0, 0, 1, 1, 1, 0, 1, 0, 1, 2, 0, 0, 0, 0, 0, 1, 0, 0, 1, 0, 0, 1, 0]
[9, 0, 0, 1, 1, 1, 0, 0, 0, 0, 0, 0, 1, 0, 1, 0, 1, 0, 0, 1, 0, 0, 0, 1, 1, 1, 0, 0, 0, 1, 2, 0, 0, 0, 0, 0, 1, 0, 0, 1, 0, 0, 0, 0]
[2, 0, 0, 0, 0, 1, 0, 0, 0, 0, 0, 0, 5, 0, 1, 0, 1, 0, 0, 1, 0, 0, 0, 1, 1, 1, 0, 0, 0, 1, 2, 0, 0, 0, 0, 0, 1, 0, 0, 1, 0, 0, 0, 0]
[2, 0, 0, 0, 0, 1, 0, 0, 6, 0, 0, 0, 1, 0, 1, 0, 1, 0, 0, 1, 0, 0, 0, 1, 1, 1, 0, 0, 0, 1, 2, 0, 0, 7, 0, 0, 1, 0, 0, 1, 0, 0, 0, 0]
[2, 1, 0, 0, 0, 1, 0, 0, 0, 0, 0, 0, 1, 0, 1, 0, 1, 0, 0, 1, 0, 0, 0, 2, 1, 1, 0, 1, 0, 1, 2, 0, 0, 0, 0, 0, 9, 0, 0, 1, 0, 0, 0, 0]
[2, 1, 0, 0, 0, 1, 0, 0, 0, 4, 0, 0, 1, 0, 1, 0, 1, 0, 0, 1, 0, 0, 0, 1, 1, 1, 0, 4, 0, 1, 2, 0, 0, 0, 0, 0, 1, 0, 0, 1, 0, 0, 0, 0]
运行时间61.03238320350647

2021-10-30 15:51:53
[[57786.627, 11069.558, 142888.778], [58002.022, 11134.921, 133562.271], [57824.894, 11076.175, 139008.43], [57571.854, 11005.043, 146123.029], [57777.382, 11065.826, 145355.533], [57781.603, 11065.041, 143867.294], [58102.359, 11165.067, 133058.964]]
[1, 0, 0, 1, 0, 1, 0, 1, 4, 0, 0, 0, 1, 0, 0, 0, 0, 0, 0, 1, 0, 0, 1, 0, 1, 1, 1, 0, 0, 1, 0, 1, 0, 1, 0, 0, 1, 0, 1, 0, 0, 0, 1, 3]
[1, 0, 0, 1, 0, 1, 0, 2, 1, 0, 0, 0, 1, 0, 0, 0, 0, 0, 0, 1, 0, 0, 1, 0, 1, 1, 1, 0, 0, 1, 0, 2, 0, 1, 0, 0, 1, 0, 1, 0, 0, 0, 1, 3]
[1, 0, 0, 1, 0, 2, 0, 1, 1, 0, 0, 0, 1, 0, 0, 0, 0, 0, 0, 1, 0, 0, 1, 0, 1, 1, 1, 0, 2, 1, 0, 1, 0, 1, 0, 1, 1, 0, 1, 0, 0, 0, 1, 3]
[1, 0, 0, 1, 0, 2, 0, 1, 1, 0, 0, 0, 1, 0, 0, 0, 0, 0, 0, 1, 0, 0, 1, 0, 1, 1, 1, 0, 5, 1, 0, 1, 0, 1, 0, 0, 1, 0, 1, 0, 0, 0, 1, 3]
[1, 0, 0, 1, 0, 1, 0, 1, 1, 0, 0, 0, 1, 0, 0, 0, 0, 0, 0, 1, 0, 0, 1, 0, 1, 1, 1, 0, 4, 1, 7, 1, 0, 1, 0, 0, 1, 0, 1, 0, 0, 0, 1, 3]
[1, 0, 0, 1, 0, 1, 0, 1, 1, 0, 0, 7, 1, 0, 2, 0, 0, 0, 0, 1, 0, 0, 1, 0, 1, 1, 1, 0, 0, 1, 0, 1, 0, 1, 0, 0, 1, 0, 1, 0, 0, 0, 1, 3]
[11, 0, 0, 1, 0, 2, 0, 1, 1, 0, 0, 0, 1, 0, 0, 0, 0, 0, 0, 1, 0, 0, 1, 0, 1, 1, 1, 0, 0, 1, 0, 1, 0, 1, 0, 0, 1, 0, 1, 0, 0, 0, 8, 3]
运行时间62.316404581069946

2021-10-30 15:55:34
[[57753.806, 11189.691, 230768.692], [57739.871, 11185.27, 235052.855], [57740.33, 11185.416, 233013.722], [57752.357, 11187.286, 230873.437], [57884.938, 11245.736, 227438.261], [57933.563, 11241.624, 230454.304], [57711.651, 11174.51, 237184.843], [57749.342, 11188.765, 231558.196], [58097.296, 11289.799, 226819.07], [57739.429, 11184.847, 235105.193]]
[0, 1, 0, 0, 0, 1, 1, 0, 0, 1, 1, 0, 1, 1, 1, 0, 1, 0, 0, 0, 0, 0, 0, 0, 0, 1, 1, 2, 1, 1, 0, 0, 0, 0, 1, 1, 1, 0, 2, 0, 0, 0, 0, 0]
[0, 1, 0, 0, 0, 1, 1, 0, 0, 1, 1, 0, 1, 1, 1, 0, 1, 0, 0, 0, 0, 0, 0, 0, 0, 1, 1, 2, 1, 1, 0, 0, 0, 0, 1, 1, 1, 0, 1, 0, 0, 0, 0, 0]
[0, 1, 0, 0, 0, 1, 1, 0, 0, 1, 1, 0, 1, 1, 1, 0, 1, 0, 0, 0, 0, 0, 0, 0, 0, 1, 1, 2, 1, 1, 0, 0, 0, 0, 1, 1, 1, 0, 0, 0, 0, 0, 0, 0]
[0, 1, 0, 0, 0, 1, 1, 0, 0, 1, 1, 0, 1, 1, 1, 0, 1, 0, 0, 0, 0, 0, 0, 0, 0, 1, 1, 2, 1, 1, 0, 0, 0, 0, 1, 1, 1, 7, 3, 0, 0, 0, 0, 0]
[1, 1, 0, 0, 0, 1, 1, 0, 0, 1, 1, 0, 1, 1, 1, 0, 1, 0, 0, 0, 0, 0, 0, 0, 0, 1, 1, 2, 1, 1, 0, 0, 0, 0, 1, 1, 2, 0, 2, 0, 0, 2, 0, 0]
[3, 1, 0, 0, 0, 1, 1, 0, 0, 1, 1, 0, 1, 1, 1, 0, 1, 0, 0, 0, 0, 0, 0, 0, 0, 1, 1, 2, 1, 1, 0, 0, 0, 0, 1, 1, 1, 0, 1, 0, 0, 0, 0, 0]
[0, 1, 0, 0, 0, 1, 1, 0, 0, 1, 1, 0, 1, 1, 1, 0, 1, 0, 0, 0, 0, 1, 0, 0, 0, 1, 1, 2, 1, 1, 0, 0, 0, 0, 1, 1, 1, 0, 9, 0, 0, 0, 0, 0]
[0, 1, 0, 0, 0, 1, 1, 0, 0, 1, 1, 0, 1, 1, 1, 0, 1, 0, 0, 0, 0, 0, 0, 0, 0, 1, 1, 2, 1, 1, 0, 0, 0, 0, 1, 1, 1, 4, 2, 0, 0, 0, 0, 0]
[0, 1, 0, 0, 0, 1, 1, 0, 0, 1, 1, 0, 1, 1, 7, 0, 1, 0, 0, 0, 0, 0, 0, 0, 0, 1, 1, 2, 6, 1, 0, 0, 0, 0, 1, 1, 1, 0, 1, 0, 0, 0, 0, 0]
[0, 1, 0, 0, 0, 8, 1, 0, 0, 1, 1, 0, 1, 1, 1, 0, 1, 0, 0, 0, 0, 0, 0, 0, 0, 1, 1, 2, 1, 1, 0, 0, 0, 0, 1, 1, 1, 0, 1, 0, 0, 0, 0, 0]
运行时间61.43974423408508

2021-10-30 15:59:28
[[57753.872, 11058.873, 159515.924], [58499.369, 11422.95, 144351.209], [58231.43, 11342.968, 153881.687], [57702.362, 11194.688, 325439.543], [57746.592, 11203.081, 324849.045], [57573.851, 11150.845, 327717.811], [57922.663, 11114.65, 155711.891], [57424.771, 10971.135, 331647.492], [57575.757, 11151.163, 326397.782], [57717.647, 11203.208, 320628.525], [57619.337, 11164.548, 325925.631]]
[7, 0, 0, 1, 0, 0, 1, 1, 1, 1, 1, 0, 1, 1, 1, 0, 1, 2, 0, 1, 0, 1, 0, 0, 0, 1, 0, 0, 1, 1, 0, 0, 1, 1, 1, 2, 1, 0, 0, 0, 0, 0, 0, 6]
[0, 0, 0, 1, 0, 0, 1, 1, 1, 3, 1, 0, 2, 1, 1, 0, 1, 2, 0, 1, 0, 1, 0, 0, 0, 1, 0, 0, 2, 1, 0, 1, 1, 1, 1, 2, 1, 1, 0, 0, 0, 0, 0, 2]
[0, 0, 0, 1, 0, 0, 1, 1, 1, 1, 1, 0, 1, 1, 1, 0, 1, 2, 0, 1, 0, 1, 0, 0, 0, 1, 0, 0, 4, 1, 0, 0, 1, 1, 1, 2, 1, 0, 0, 0, 0, 0, 0, 2]
[0, 0, 0, 1, 0, 0, 1, 1, 1, 1, 1, 0, 2, 1, 1, 0, 1, 2, 0, 1, 3, 1, 0, 0, 0, 1, 0, 0, 1, 1, 0, 0, 1, 1, 1, 2, 1, 0, 0, 0, 0, 0, 0, 1]
[2, 0, 0, 1, 0, 0, 1, 1, 1, 1, 1, 0, 2, 1, 1, 0, 1, 5, 0, 1, 0, 1, 0, 0, 0, 1, 0, 0, 1, 1, 0, 0, 1, 1, 1, 2, 1, 0, 0, 0, 0, 0, 0, 1]
[4, 0, 0, 1, 0, 0, 1, 1, 1, 1, 1, 0, 2, 1, 1, 0, 1, 2, 0, 1, 0, 1, 0, 0, 0, 1, 0, 0, 1, 1, 0, 0, 1, 1, 4, 2, 1, 0, 0, 0, 0, 0, 0, 1]
[7, 0, 0, 1, 0, 0, 1, 1, 1, 7, 1, 0, 1, 1, 1, 0, 1, 2, 0, 1, 3, 1, 0, 0, 0, 1, 0, 0, 1, 1, 0, 0, 1, 1, 1, 2, 1, 0, 0, 0, 0, 0, 0, 6]
[0, 0, 0, 1, 0, 0, 1, 1, 1, 1, 1, 0, 2, 1, 1, 0, 1, 2, 0, 1, 10, 1, 0, 0, 0, 1, 0, 0, 1, 1, 0, 0, 1, 1, 2, 2, 1, 0, 0, 0, 0, 0, 0, 8]
[0, 0, 0, 1, 0, 0, 1, 1, 1, 1, 1, 0, 2, 1, 1, 0, 1, 2, 6, 0, 0, 1, 0, 0, 0, 1, 0, 0, 1, 1, 0, 0, 1, 1, 1, 2, 1, 0, 0, 0, 0, 0, 0, 1]
[0, 0, 0, 1, 0, 0, 2, 1, 1, 1, 1, 0, 2, 1, 1, 0, 1, 2, 0, 1, 0, 1, 0, 0, 0, 2, 0, 0, 1, 1, 0, 0, 1, 1, 1, 2, 1, 0, 0, 0, 0, 0, 0, 1]
[0, 0, 0, 1, 0, 0, 1, 1, 1, 1, 11, 0, 2, 1, 1, 0, 1, 2, 5, 1, 0, 1, 0, 0, 0, 1, 0, 0, 1, 1, 0, 0, 1, 1, 1, 2, 1, 0, 0, 0, 0, 0, 0, 1]
运行时间59.887922286987305

